-48.5061067650000,-0.7508911140000
-48.5114787099999,-0.7449749319999
-48.5143772670000,-0.7425732710000
-48.5161163999999,-0.7409169530000
-48.5172213229999,-0.7395357999999
-48.5174414550000,-0.7392606349999
-48.5190977729999,-0.7364448939999
-48.5208369069999,-0.7323869150000
-48.5219135139999,-0.7302337020000
-48.5234870159999,-0.7281633040000
-48.5251433339999,-0.7270038820000
-48.5288700490000,-0.7250991160000
-48.5322655010000,-0.7231115339999
-48.5332592920000,-0.7221177430000
-48.5340046350000,-0.7207098730000
-48.5344187150000,-0.7188051070000
-48.5345843470000,-0.7164034460000
-48.5345015309999,-0.7119313879999
-48.5346671619999,-0.7099438060000
-48.5349156100000,-0.7086187510000
-48.5354953210000,-0.7075421449999
-48.5365719279999,-0.7068796180000
-48.5382282460000,-0.7062999060000
-48.5398017479999,-0.7062170899999
-48.5427831210000,-0.7062999060000
-48.5468410999999,-0.7064655380000
-48.5490771290000,-0.7063827219999
-48.5497638440000,-0.7061252039999
-48.5504021839999,-0.7058858270000
-48.5518100540000,-0.7052232990000
-48.5530522930000,-0.7038982449999
-48.5562821130000,-0.6999230819999
-48.5584353259999,-0.6965276299999
-48.5598431970000,-0.6941259690000
-48.5608475179999,-0.6927199180000
-48.5619135940000,-0.6912274119999
-48.5660543889999,-0.6864240899999
-48.5701123680000,-0.6804613450000
-48.5728452929999,-0.6742501520000
-48.5742716120000,-0.6699063629999
-48.5746672430000,-0.6687014870000
-48.5750813229999,-0.6672936159999
-48.5767376410000,-0.6576041559999
-48.5774829840000,-0.6545399679999
-48.5788908540000,-0.6518070430000
-48.5799201190000,-0.6508921399999
-48.5803815400000,-0.6504819880000
-48.5830316490000,-0.6494881980000
-48.5855161260000,-0.6490741179999
-48.5875865240000,-0.6493225660000
-48.5893256580000,-0.6497366450000
-48.5911476070000,-0.6508132520000
-48.5923898459999,-0.6521383059999
-48.5936320850000,-0.6540430720000
-48.5943774280000,-0.6565275490000
-48.5946258750000,-0.6588463950000
-48.5947086909999,-0.6612480560000
-48.5942946119999,-0.6653888509999
-48.5936320850000,-0.6733391769999
-48.5937149000000,-0.6770658930000
-48.5940461640000,-0.6799644490000
-48.5948743229999,-0.6817035829999
-48.5957024820000,-0.6825317420000
-48.5966134569999,-0.6830286379999
-48.5983525910000,-0.6831114540000
-48.6004229879999,-0.6829458220000
-48.6021621220000,-0.6825317420000
-48.6036528090000,-0.6819520310000
-48.6052263110000,-0.6802957130000
-48.6063029169999,-0.6786393949999
-48.6077107880000,-0.6757408380000
-48.6096155540000,-0.6729250980000
-48.6106921600000,-0.6716000430000
-48.6124312940000,-0.6706062530000
-48.6147501390000,-0.6699437249999
-48.6178971440000,-0.6688671190000
-48.6198847250000,-0.6675420640000
-48.6211269640000,-0.6659685619999
-48.6221207550000,-0.6641466120000
-48.6229489139999,-0.6618277670000
-48.6240255200000,-0.6599230009999
-48.6249364950000,-0.6588463950000
-48.6260131019999,-0.6581010510000
-48.6274209720000,-0.6577697879999
-48.6291601060000,-0.6577697879999
-48.6300710810000,-0.6579354199999
-48.6308992400000,-0.6585979470000
-48.6315617680000,-0.6597573690000
-48.6316445830000,-0.6611652399999
-48.6313961360000,-0.6624902940000
-48.6309820559999,-0.6639809800000
-48.6304023449999,-0.6655544829999
-48.6299882650000,-0.6670451689999
-48.6298226339999,-0.6682874070000
-48.6297398180000,-0.6697780940000
-48.6297398180000,-0.6706890679999
-48.6301538970000,-0.6722625710000
-48.6311476879999,-0.6742501520000
-48.6321414790000,-0.6759892859999
-48.6332042829999,-0.6773557490000
-48.6339772310000,-0.6782391180000
-48.6349710219999,-0.6784599609999
-48.6359648129999,-0.6777974330000
-48.6365169190000,-0.6762515369999
-48.6361856550000,-0.6748160609999
-48.6356335490000,-0.6727180579999
-48.6355231279999,-0.6709513189999
-48.6362960769999,-0.6694054220000
-48.6376211309999,-0.6684116310000
-48.6391670280000,-0.6679699460000
-48.6404920820000,-0.6673074189999
-48.6414858730000,-0.6665344710000
-48.6421483999999,-0.6649885739999
-48.6421483999999,-0.6625593069999
-48.6423692430000,-0.6612342530000
-48.6430317699999,-0.6603508830000
-48.6442464030000,-0.6596883559999
-48.6454610360000,-0.6594675140000
-48.6464548270000,-0.6594675140000
-48.6480007240000,-0.6594675140000
-48.6492153569999,-0.6590258290000
-48.6505404119999,-0.6582528810000
-48.6517550450000,-0.6580320379999
-48.6527488359999,-0.6583633019999
-48.6533009419999,-0.6593570929999
-48.6536322050000,-0.6606821469999
-48.6541843109999,-0.6623384649999
-48.6557302080000,-0.6642156249999
-48.6593741080000,-0.6683012099999
-48.6602574770000,-0.6688533160000
-48.6613616900000,-0.6689637370000
-48.6632388500000,-0.6680803679999
-48.6653368530000,-0.6677491039999
-48.6694224370000,-0.6677491039999
-48.6715204399999,-0.6678595249999
-48.6732871789999,-0.6684116310000
-48.6748330760000,-0.6690741579999
-48.6770415000000,-0.6697366860000
-48.6788082390000,-0.6699575279999
-48.6795811880000,-0.6698471070000
-48.6802437150000,-0.6691845800000
-48.6805749790000,-0.6677491039999
-48.6809062419999,-0.6652094159999
-48.6812375059999,-0.6637739409999
-48.6816791909999,-0.6630009920000
-48.6824975800000,-0.6628305749999
-48.6832946210000,-0.6622964900000
-48.6845698410000,-0.6626381170000
-48.6859301350000,-0.6637529260000
-48.6872057200000,-0.6642673350000
-48.6888222439999,-0.6638399810000
-48.6896726489999,-0.6629838989999
-48.6904381319999,-0.6617007460000
-48.6920541740000,-0.6599890570000
-48.6933308640000,-0.6581054239999
-48.6942676180000,-0.6572505189999
-48.6950323180000,-0.6574222369999
-48.6954564270000,-0.6581923689999
-48.6955422679999,-0.6593914780000
-48.6958821800000,-0.6601621080000
-48.6966468950000,-0.6603332719999
-48.6976682449999,-0.6596490030000
-48.6985188720000,-0.6591351700000
-48.6991988249999,-0.6593073710000
-48.6995390580000,-0.6603349769999
-48.6995376749999,-0.6612758990000
-48.6996217939999,-0.6625608070000
-48.7001326910000,-0.6629029250000
-48.7009831359999,-0.6625618689999
-48.7020031599999,-0.6615342040000
-48.7033650540000,-0.6584532460000
-48.7046423230000,-0.6570840909999
-48.7056627250000,-0.6568278920000
-48.7062582899999,-0.6572553560000
-48.7063425950000,-0.6589683810000
-48.7063409400000,-0.6614511359999
-48.7052345979999,-0.6642758679999
-48.7053197330000,-0.6663294990000
-48.7061681050000,-0.6677007929999
-48.7075298720000,-0.6678724249999
-48.7082942019999,-0.6678724320000
-48.7091449810000,-0.6671874610000
-48.7104202990000,-0.6661610840000
-48.7112720570000,-0.6649632870000
-48.7122078099999,-0.6646211820000
-48.7132283399999,-0.6648778140000
-48.7139071650000,-0.6657344920000
-48.7155232379999,-0.6664207670000
-48.7173941000000,-0.6671066669999
-48.7185002950000,-0.6687654130000
-48.7202768150000,-0.6694367429999
-48.7213876750000,-0.6685423939999
-48.7211676240000,-0.6672008410000
-48.7200569420000,-0.6654093939999
-48.7202804099999,-0.6640679630000
-48.7216142349999,-0.6629491869999
-48.7229464040000,-0.6629507030000
-48.7236134660000,-0.6638456520000
-48.7256134570000,-0.6642947629999
-48.7267230470000,-0.6649658549999
-48.7282783670000,-0.6656365609999
-48.7300571009999,-0.6649674779999
-48.7327247389999,-0.6638496529999
-48.7356134480000,-0.6629569120000
-48.7367245510000,-0.6613917569999
-48.7369494000000,-0.6593773659999
-48.7380600179999,-0.6589303250000
-48.7387262490000,-0.6604971130000
-48.7409486559999,-0.6607217300000
-48.7413931529999,-0.6622879039999
-48.7442816650000,-0.6631834550000
-48.7473900790000,-0.6645280139999
-48.7491698210000,-0.6640811889999
-48.7529475850000,-0.6636343100000
-48.7562822410000,-0.6634134690000
-48.7589469709999,-0.6625194030000
-48.7618372759999,-0.6616265449999
-48.7642826560000,-0.6616266239999
-48.7676161269999,-0.6616285399999
-48.7696161699999,-0.6620763800000
-48.7713930880000,-0.6631965590000
-48.7736145290000,-0.6631959559999
-48.7747261160000,-0.6629739140000
-48.7767273389999,-0.6616328559999
-48.7791714410000,-0.6605152580000
-48.7836178370000,-0.6596226220000
-48.7865062950000,-0.6591763979999
-48.7876161970000,-0.6607426429999
-48.7878373889999,-0.6640981489999
-48.7894142950000,-0.6674890130000
-48.7906902629999,-0.6692274790000
-48.7936940060000,-0.6700628629999
-48.7971700170000,-0.6670113300000
-48.7989491979999,-0.6647737900000
-48.8053949549999,-0.6629876950000
-48.8109508340000,-0.6614247610000
-48.8165084729999,-0.6594133350000
-48.8187323270000,-0.6565049950000
-48.8218447839999,-0.6535983969999
-48.8256241200000,-0.6506913040000
-48.8265082259999,-0.6499771119999
-48.9219570339999,-0.6510629150000
-48.9620302570000,-0.6515187730000
-48.9739582640000,-0.6012068400000
-48.9977831400000,-0.5006548320000
-49.0063067330000,-0.4469051270000
-49.0059564460000,-0.4467535720000
-49.0030472790000,-0.4448177980000
-48.9999741010000,-0.4424389570000
-48.9977806650000,-0.4407786469999
-48.9967386590000,-0.4398934119999
-48.9948726310000,-0.4387321809999
-48.9941575850000,-0.4368520340000
-48.9941590170000,-0.4361331369999
-48.9925410570000,-0.4286561119999
-48.9921035209999,-0.4258912339999
-48.9917189950000,-0.4237896229999
-48.9913903090000,-0.4226276890000
-48.9910068980000,-0.4205816859999
-48.9902387950000,-0.4176500810000
-48.9894719030000,-0.4140397160000
-48.9886492639999,-0.4107766999999
-48.9880450869999,-0.4078449539999
-48.9880460290000,-0.4054117250000
-48.9874431270000,-0.4031449929999
-48.9871136970000,-0.4012084249999
-48.9863450030000,-0.3980289649999
-48.9848100250000,-0.3960929200000
-48.9824507520000,-0.3926091159999
-48.9803660680000,-0.3894554850000
-48.9798714370000,-0.3886810819999
-48.9788294500000,-0.3874092529999
-48.9742916850000,-0.3807114539999
-48.9720427060000,-0.3777796570000
-48.9685296999999,-0.3716402749999
-48.9673792370000,-0.3695943810000
-48.9656776779999,-0.3672155579999
-48.9645256649999,-0.3655015910000
-48.9621117610000,-0.3618732710000
-48.9608492809999,-0.3602688669999
-48.9580674040000,-0.3566745370000
-48.9570789510000,-0.3556227629999
-48.9509332470000,-0.3496221720000
-48.9492864160000,-0.3479627749999
-48.9481883920000,-0.3465283620000
-48.9467249980000,-0.3448819239999
-48.9454629390000,-0.3422825500000
-48.9445848889999,-0.3404576890000
-48.9435429039999,-0.3383008909999
-48.9428293300000,-0.3366416800000
-48.9407203120000,-0.3330157710000
-48.9388948469999,-0.3300996269999
-48.9383458390000,-0.3290487289999
-48.9371939590000,-0.3270576319999
-48.9362076040000,-0.3250108800000
-48.9353290389999,-0.3228522730000
-48.9342866209999,-0.3210840970000
-48.9312699869999,-0.3148561420000
-48.9303914880000,-0.3130867640000
-48.9295680950000,-0.3118140130000
-48.9286913810000,-0.3107637509999
-48.9283629299999,-0.3098795920000
-48.9280334529999,-0.3086848670000
-48.9280900930000,-0.3073716069999
-48.9273146840000,-0.3062128230000
-48.9269072609999,-0.3056043979999
-48.9265592210000,-0.3050997399999
-48.9260108450000,-0.3043045939999
-48.9258218780000,-0.3040305919999
-48.9257133390000,-0.3031080160000
-48.9252791859999,-0.3012628640000
-48.9248993019999,-0.3002317500000
-48.9239224559999,-0.2986579440000
-48.9229998810000,-0.2968127920000
-48.9227285350000,-0.2960530229999
-48.9225114580000,-0.2954560629999
-48.9219687659999,-0.2947505630000
-48.9215888820000,-0.2940993329999
-48.9211004589999,-0.2927426039999
-48.9208291140000,-0.2916572199999
-48.9208833829999,-0.2911145290000
-48.9210461900000,-0.2906261060000
-48.9212089980000,-0.2899206070000
-48.9211547290000,-0.2888894920000
-48.9213175360000,-0.2840595360000
-48.9214803439999,-0.2833540369999
-48.9226199960000,-0.2799350789999
-48.9232169570000,-0.2784155420000
-48.9245736870000,-0.2762447750000
-48.9259304160000,-0.2742910850000
-48.9263645690000,-0.2734227780000
-48.9264188390000,-0.2729343550000
-48.9264188390000,-0.2722831249999
-48.9261474930000,-0.2706550499999
-48.9259846849999,-0.2688641670000
-48.9260389540000,-0.2637085959999
-48.9257676079999,-0.2589871770000
-48.9257676079999,-0.2573048330000
-48.9256048010000,-0.2562194489999
-48.9252791859999,-0.2551340659999
-48.9246822250000,-0.2543742980000
-48.9239767260000,-0.2535602600000
-48.9225657269999,-0.2527462219999
-48.9187668850000,-0.2508468009999
-48.9178985780000,-0.2499784940000
-48.9175186940000,-0.2489473799999
-48.9176272320000,-0.2481876119999
-48.9180071160000,-0.2472107669999
-48.9192553070000,-0.2452028070000
-48.9195809230000,-0.2441174240000
-48.9195809230000,-0.2429777710000
-48.9195809230000,-0.2411868880000
-48.9192553070000,-0.2395588130000
-48.9187126159999,-0.2384191600000
-48.9163336530000,-0.2358120629999
-48.9147630040000,-0.2360783930000
-48.9134201320000,-0.2352830540000
-48.9123952900000,-0.2341691020000
-48.9114471090000,-0.2332940100000
-48.9107222889999,-0.2332196329999
-48.9097944620000,-0.2330404579999
-48.9088669520000,-0.2330402619999
-48.9078680619999,-0.2328960220000
-48.9068663239999,-0.2328960039999
-48.9064741349999,-0.2323204750000
-48.9060824639999,-0.2319971710000
-48.9060468510000,-0.2316010710000
-48.9062240510000,-0.2315649310000
-48.9067249180000,-0.2315649409999
-48.9074023150000,-0.2319247440000
-48.9083313039999,-0.2319613169999
-48.9088666900000,-0.2314939230000
-48.9090817620000,-0.2310989320000
-48.9090802330000,-0.2307029560000
-48.9085108749999,-0.2299113500000
-48.9074385429999,-0.2287253960000
-48.9067615860000,-0.2278980620000
-48.9061602670000,-0.2275838189999
-48.9055944420000,-0.2272262219999
-48.9038923539999,-0.2263036760000
-48.9017974019999,-0.2258425290000
-48.8999642990000,-0.2255132229999
-48.8981314950000,-0.2254471500000
-48.8978048000000,-0.2253140120000
-48.8978691600000,-0.2245889189999
-48.8977394230000,-0.2238649330000
-48.8971503840000,-0.2234027819999
-48.8963652630000,-0.2234037339999
-48.8945966909999,-0.2237321200000
-48.8928294000000,-0.2239955430000
-48.8902750909999,-0.2245225469999
-48.8887695650000,-0.2245879409999
-48.8870670890000,-0.2250486780000
-48.8853658949999,-0.2254444520000
-48.8837306000000,-0.2255105600000
-48.8813722840000,-0.2257732210000
-48.8803260339999,-0.2257728169999
-48.8796707950000,-0.2253781690000
-48.8787547849999,-0.2250477280000
-48.8779026129999,-0.2250473199999
-48.8768557269999,-0.2252456980000
-48.8760052040000,-0.2252453190000
-48.8746307259999,-0.2252449899999
-48.8736484489999,-0.2251792090000
-48.8726667829999,-0.2254433070000
-48.8713578680000,-0.2255747870000
-48.8701131330000,-0.2255748220000
-48.8690013929999,-0.2257718939999
-48.8680175360000,-0.2260353880000
-48.8663618039999,-0.2264110750000
-48.8647917150000,-0.2265434019999
-48.8628929239999,-0.2270045570000
-48.8613873760000,-0.2270704210000
-48.8604049149999,-0.2265425779999
-48.8595540600000,-0.2259490649999
-48.8585734430000,-0.2258827380000
-48.8568703969999,-0.2258163450000
-48.8558222120000,-0.2260796360000
-48.8554290010000,-0.2268053349999
-48.8547743170000,-0.2269376829999
-48.8541868860000,-0.2266732159999
-48.8537282519999,-0.2260137110000
-48.8527458120000,-0.2254853009999
-48.8508488340000,-0.2250240310000
-48.8489495360000,-0.2244305390000
-48.8469195799999,-0.2242981239999
-48.8447593769999,-0.2244951760000
-48.8424683609999,-0.2250222330000
-48.8408330229999,-0.2256157699999
-48.8393267649999,-0.2260769560000
-48.8382795260000,-0.2262091640000
-48.8367084630000,-0.2264730009999
-48.8354642309999,-0.2270005280000
-48.8350057840000,-0.2276599259999
-48.8346134379999,-0.2284511569999
-48.8345283409999,-0.2285832779999
-48.8342000990000,-0.2285838880000
-48.8340696840000,-0.2284513219999
-48.8339378820000,-0.2277250789999
-48.8335461179999,-0.2271324230000
-48.8330881910000,-0.2266045300000
-48.8325000910000,-0.2262084079999
-48.8313858750000,-0.2261421159999
-48.8295529919999,-0.2262734940000
-48.8281128970000,-0.2266693329999
-48.8268032770000,-0.2266696190000
-48.8255602860000,-0.2264713289999
-48.8237271430000,-0.2263394480000
-48.8217638349999,-0.2263387799999
-48.8192097630000,-0.2269320660000
-48.8173115840000,-0.2275257809999
-48.8157006030000,-0.2277226720000
-48.8147199880000,-0.2276562610000
-48.8136073740000,-0.2272611960000
-48.8128865209999,-0.2262715000000
-48.8121014399999,-0.2250839169999
-48.8115130960000,-0.2244250810000
-48.8105321560000,-0.2242925710000
-48.8094831510000,-0.2242925170000
-48.8086983710000,-0.2243588740000
-48.8085670829999,-0.2241601989999
-48.8086317160000,-0.2238966059999
-48.8090246910000,-0.2234341680000
-48.8098769310000,-0.2229071220000
-48.8107927570000,-0.2227756479999
-48.8117102980000,-0.2233028439999
-48.8126913069999,-0.2244249610000
-48.8132151019999,-0.2251502409999
-48.8138039880000,-0.2258096349999
-48.8145895850000,-0.2263369390000
-48.8157673439999,-0.2264700710000
-48.8166179700000,-0.2262723009999
-48.8179941719999,-0.2257447019999
-48.8191065490000,-0.2246886650000
-48.8202839159999,-0.2240959570000
-48.8208072020000,-0.2239637810000
-48.8221175880000,-0.2230411039999
-48.8227726560000,-0.2224478680000
-48.8236248560000,-0.2224467170000
-48.8246047060000,-0.2229101519999
-48.8255211419999,-0.2231068810000
-48.8258498009999,-0.2229746679999
-48.8258495309999,-0.2227119780000
-48.8256526860000,-0.2223814820000
-48.8249981420000,-0.2217885219999
-48.8236894540000,-0.2209969089999
-48.8217256870000,-0.2204681069999
-48.8195641080000,-0.2200719179999
-48.8178624030000,-0.2194976719999
-48.8162929730000,-0.2194316100000
-48.8143280739999,-0.2185739839999
-48.8130855070000,-0.2179141779999
-48.8115134499999,-0.2179802170000
-48.8102703940000,-0.2179795889999
-48.8092884059999,-0.2169901539999
-48.8086996820000,-0.2167922390000
-48.8079781570000,-0.2171886329999
-48.8069971040000,-0.2184411369999
-48.8056223889999,-0.2196940209999
-48.8043116950000,-0.2215407350000
-48.8022178660000,-0.2231228489999
-48.8003195039999,-0.2244417729999
-48.7986820320000,-0.2251673019999
-48.7975051790000,-0.2260909390000
-48.7969802819999,-0.2265512739999
-48.7965225930000,-0.2262887869999
-48.7962596619999,-0.2258269930000
-48.7955399670000,-0.2251666099999
-48.7950161980000,-0.2247717320000
-48.7942305480000,-0.2247714149999
-48.7929223939999,-0.2251664939999
-48.7907626120000,-0.2262218639999
-48.7885363119999,-0.2272764410000
-48.7865721529999,-0.2281985870000
-48.7850652670000,-0.2293209830000
-48.7828008019999,-0.2319260649999
-48.7810991950000,-0.2342345779999
-48.7797232769999,-0.2358171949999
-48.7787412309999,-0.2370040509999
-48.7778257019999,-0.2381911360000
-48.7768437410000,-0.2391808410000
-48.7765170579999,-0.2400377590000
-48.7765157369999,-0.2410933919999
-48.7765158539999,-0.2418847240000
-48.7765159819999,-0.2423456470000
-48.7762543710000,-0.2428079260000
-48.7755998670000,-0.2432039490000
-48.7748141879999,-0.2432036019999
-48.7740285089999,-0.2432032529999
-48.7733089040000,-0.2423462690000
-48.7726532240000,-0.2416194249999
-48.7713449949999,-0.2413558200000
-48.7706240630000,-0.2415544610000
-48.7685539590000,-0.2414749000000
-48.7659249140000,-0.2414942410000
-48.7611467770000,-0.2432088889999
-48.7577224510000,-0.2452431129999
-48.7553150109999,-0.2465218489999
-48.7516387309999,-0.2482040290000
-48.7484303480000,-0.2498851290000
-48.7458893609999,-0.2514326049999
-48.7434610829999,-0.2527604119999
-48.7419458630000,-0.2536594430000
-48.7509391020000,-0.1813628880000
-48.7523370190000,-0.1828212950000
-48.7535767100000,-0.1838634550000
-48.7543542800000,-0.1840718540000
-48.7556463490000,-0.1842289159999
-48.7567336660000,-0.1846451120000
-48.7574055780000,-0.1852704959999
-48.7584921500000,-0.1865199429999
-48.7601482850000,-0.1888118139999
-48.7615459340000,-0.1900113230000
-48.7619591450000,-0.1903236340000
-48.7626831450000,-0.1907919900000
-48.7636651720000,-0.1909488570000
-48.7641836509999,-0.1915226760000
-48.7649085969999,-0.1918340880000
-48.7653217740000,-0.1916265009999
-48.7654243470000,-0.1908966349999
-48.7650117559999,-0.1896469869999
-48.7649602779999,-0.1888132390000
-48.7649604780000,-0.1879794260000
-48.7650110830000,-0.1875112140000
-48.7656328809999,-0.1865213610000
-48.7664097620000,-0.1855836370000
-48.7665637570000,-0.1846466150000
-48.7666679229999,-0.1838644509999
-48.7666683710000,-0.1832927890000
-48.7664101020000,-0.1828750940000
-48.7659964710000,-0.1826663139999
-48.7655818049999,-0.1825092820000
-48.7654254200000,-0.1823023649999
-48.7656846139999,-0.1820421140000
-48.7670820250000,-0.1819897779999
-48.7682726280000,-0.1823546040000
-48.7691003579999,-0.1826664269999
-48.7699802729999,-0.1829803979999
-48.7703416800000,-0.1826671229999
-48.7704450990000,-0.1817296300000
-48.7703936650000,-0.1809481920000
-48.7699287060000,-0.1800626180000
-48.7696699620000,-0.1792290989999
-48.7686871399999,-0.1768328799999
-48.7681178949999,-0.1755822580000
-48.7671872440000,-0.1741233480000
-48.7663067260000,-0.1732910950000
-48.7652716799999,-0.1723516419999
-48.7642380760000,-0.1712580030000
-48.7625820150000,-0.1700075520000
-48.7610806379999,-0.1689667350000
-48.7596338469999,-0.1685493669999
-48.7580805439999,-0.1677685550000
-48.7570462240000,-0.1675076260000
-48.7555463430000,-0.1672984660000
-48.7539409559999,-0.1676632750000
-48.7522853400000,-0.1688609170000
-48.7515092820000,-0.1695381569999
-48.7504747380000,-0.1701110590000
-48.7488711989999,-0.1706846239999
-48.7474725620000,-0.1716219510000
-48.7464375780000,-0.1728193889999
-48.7457657319999,-0.1738093379999
-48.7457132849999,-0.1746426730000
-48.7457133029999,-0.1751625840000
-48.7463858890000,-0.1759449720000
-48.7470582269999,-0.1764657460000
-48.7475755339999,-0.1769867039999
-48.7480419380000,-0.1777159200000
-48.7486611780000,-0.1784449070000
-48.7495937069999,-0.1796433739999
-48.7503185330000,-0.1804256999999
-48.7509391020000,-0.1813628880000
-48.7419458630000,-0.2536594430000
-48.7405050970000,-0.2537251510000
-48.7384774430000,-0.2538566809999
-48.7227509710000,-0.1779310869999
-48.7229544010000,-0.1782034060000
-48.7231988580000,-0.1781576690000
-48.7235095450000,-0.1780989479999
-48.7238655000000,-0.1779761519999
-48.7244789890000,-0.1776492660000
-48.7249464450000,-0.1772577490000
-48.7255260210000,-0.1767308050000
-48.7257590610000,-0.1761588689999
-48.7258939620000,-0.1757105239999
-48.7261622409999,-0.1750263939999
-48.7262175350000,-0.1746001249999
-48.7261616090000,-0.1743192139999
-48.7260494250000,-0.1741842200000
-48.7258371039999,-0.1741628640000
-48.7255362410000,-0.1742526269999
-48.7252257550000,-0.1744655640000
-48.7248691360000,-0.1748130559999
-48.7244670680000,-0.1750147819999
-48.7241776479999,-0.1750821940000
-48.7237873040000,-0.1751382069999
-48.7233987710000,-0.1752955950000
-48.7230083479999,-0.1755195850000
-48.7225291470000,-0.1758117290000
-48.7222615059999,-0.1761356789999
-48.7221839190000,-0.1764948549999
-48.7221828729999,-0.1768203279999
-48.7222721189999,-0.1771118230000
-48.7224389770000,-0.1774258129999
-48.7226169289999,-0.1777075320000
-48.7227509710000,-0.1779310869999
-48.7384774430000,-0.2538566809999
-48.7361859740000,-0.2541200070000
-48.7329125080000,-0.2543833600000
-48.7278716920000,-0.2547112889999
-48.7249267059999,-0.2545797750000
-48.7215238359999,-0.2545788770000
-48.7190026129999,-0.2544277919999
-48.7157307849999,-0.2546910680000
-48.7133733059999,-0.2552828089999
-48.7093161260000,-0.2560742499999
-48.7078101650000,-0.2568648800000
-48.7068288040000,-0.2569970420000
-48.7051262120000,-0.2569307080000
-48.7041437000000,-0.2566013809999
-48.7030705430000,-0.2567322309999
-48.7030713489999,-0.2563374189999
-48.7035943409999,-0.2556772719999
-48.7040522999999,-0.2552157039999
-48.7041188310000,-0.2544240830000
-48.7039876819999,-0.2532374910000
-48.7030722229999,-0.2524458490000
-48.7020243320000,-0.2517869929999
-48.7007168200000,-0.2513244329999
-48.6997993529999,-0.2507965150000
-48.6979666590000,-0.2502027319999
-48.6966581070000,-0.2494102849999
-48.6954793410000,-0.2490802720000
-48.6941696630000,-0.2490802170000
-48.6929922390000,-0.2499380330000
-48.6923376590000,-0.2511247119999
-48.6921415519999,-0.2513883729999
-48.6916818819999,-0.2521797529999
-48.6907007320000,-0.2530376749999
-48.6899801300000,-0.2537626470000
-48.6895880510000,-0.2540922750000
-48.6891962500000,-0.2540265270000
-48.6891306930000,-0.2534332280000
-48.6893256759999,-0.2527075330000
-48.6893259829999,-0.2515202880000
-48.6886720939999,-0.2504646299999
-48.6874289440000,-0.2492109149999
-48.6858584000000,-0.2480243570000
-48.6831734899999,-0.2469683189999
-48.6806872470000,-0.2461762079999
-48.6770212090000,-0.2459774959999
-48.6728527039999,-0.2456666970000
-48.6703649810000,-0.2446768090000
-48.6682714800000,-0.2436871910000
-48.6660465859999,-0.2431596749999
-48.6636237040000,-0.2429612950000
-48.6615295260000,-0.2426313509999
-48.6592379049999,-0.2426305549999
-48.6568162019999,-0.2425643300000
-48.6553639109999,-0.2428470849999
-48.6541861279999,-0.2431767099999
-48.6529426140000,-0.2439014899999
-48.6520271570000,-0.2443636440000
-48.6510435340000,-0.2443634920000
-48.6497343450000,-0.2442311689999
-48.6488192969999,-0.2435055039999
-48.6477061770000,-0.2425153390000
-48.6463972110000,-0.2418565569999
-48.6452198439999,-0.2414598180000
-48.6444341459999,-0.2414603699999
-48.6443029030000,-0.2417236840000
-48.6441731440000,-0.2417238000000
-48.6435844670000,-0.2415251530000
-48.6433206270000,-0.2411959870000
-48.6432566169999,-0.2408003949999
-48.6434521240000,-0.2404045710000
-48.6441727700000,-0.2401411219999
-48.6445660390000,-0.2399437089999
-48.6446317859999,-0.2395480000000
-48.6443685099999,-0.2387568180000
-48.6431914770000,-0.2379641329999
-48.6416862590000,-0.2373046480000
-48.6394604090000,-0.2364471249999
-48.6361887340000,-0.2359196600000
-48.6333742209999,-0.2353249290000
-48.6297737589999,-0.2352588199999
-48.6267637289999,-0.2350604249999
-48.6235564110000,-0.2349929139999
-48.6198907359999,-0.2353224559999
-48.6185151870000,-0.2354541309999
-48.6156819210000,-0.2357835309999
-48.6131944619999,-0.2361139080000
-48.6105119569999,-0.2371677569999
-48.6079585650000,-0.2380904060000
-48.6059291320000,-0.2390132660000
-48.6047516309999,-0.2394088689999
-48.6039005959999,-0.2395401909999
-48.6020296519999,-0.2396716250000
-48.6007194489999,-0.2396713190000
-48.5995420999999,-0.2392755740000
-48.5982983940000,-0.2386824249999
-48.5961385960000,-0.2384186040000
-48.5924720780000,-0.2376261759999
-48.5889382480000,-0.2372301750000
-48.5854051750000,-0.2372290099999
-48.5813478290000,-0.2377551250000
-48.5783344750000,-0.2381511219999
-48.5746702140000,-0.2386780649999
-48.5724455400000,-0.2390075599999
-48.5691407020000,-0.2404576119999
-48.5665875070000,-0.2414466870000
-48.5639043310000,-0.2419077310000
-48.5616125020000,-0.2421052899999
-48.5589948129999,-0.2426976099999
-48.5568345940000,-0.2434231980000
-48.5556568650000,-0.2440158250000
-48.5552654130000,-0.2447413120000
-48.5550024419999,-0.2450718380000
-48.5542827940000,-0.2452030170000
-48.5540867380000,-0.2444115200000
-48.5530389490000,-0.2434885670000
-48.5521225829999,-0.2425650019999
-48.5505527130000,-0.2421682550000
-48.5476078330000,-0.2420362630000
-48.5445307099999,-0.2425634660000
-48.5429607740000,-0.2427614349999
-48.5415088140000,-0.2430245999999
-48.5403289710000,-0.2438809269999
-48.5400017659999,-0.2444750070000
-48.5396758120000,-0.2447392519999
-48.5394776390000,-0.2448045700000
-48.5390864139999,-0.2447387159999
-48.5386285560000,-0.2444093680000
-48.5379745249999,-0.2436178220000
-48.5373197599999,-0.2430234039999
-48.5357474800000,-0.2428253599999
-48.5335223590000,-0.2428253649999
-48.5308398839999,-0.2430891030000
-48.5280259260000,-0.2430879980000
-48.5256040409999,-0.2424941389999
-48.5237060419999,-0.2416367970000
-48.5218738789999,-0.2411084599999
-48.5198445590000,-0.2412396400000
-48.5179475170000,-0.2415695779999
-48.5157220000000,-0.2419643399999
-48.5143469820000,-0.2422284600000
-48.5119259349999,-0.2432827580000
-48.5096342859999,-0.2441398069999
-48.5073900950000,-0.2455237260000
-48.5062118950000,-0.2457880210000
-48.5047069839999,-0.2465131139999
-48.5038561930000,-0.2467109050000
-48.5030705090000,-0.2467101390000
-48.5024817779999,-0.2462486530000
-48.5019579329999,-0.2457868510000
-48.5015642330000,-0.2456542849999
-48.5011081380000,-0.2455881670000
-48.5005837390000,-0.2461170309999
-48.5001267489999,-0.2467100620000
-48.5001262250000,-0.2476990759999
-48.5001893530000,-0.2482929099999
-48.5001248610000,-0.2486219900000
-48.4999372250000,-0.2488163680000
-48.4994059670000,-0.2485548609999
-48.4991428090000,-0.2475009400000
-48.4989472630000,-0.2463140440000
-48.4992086540000,-0.2452593639999
-48.4992743109999,-0.2440706870000
-48.4985554450000,-0.2432799549999
-48.4974438039999,-0.2426865320000
-48.4957419070000,-0.2420275200000
-48.4939748609999,-0.2413016259999
-48.4921433339999,-0.2400484870000
-48.4895903619999,-0.2383988269999
-48.4868422760000,-0.2370138620000
-48.4855986339999,-0.2361566519999
-48.4846822570000,-0.2356944320000
-48.4835053559999,-0.2356288400000
-48.4814755689999,-0.2360236410000
-48.4805589230000,-0.2366165380000
-48.4797741399999,-0.2369467209999
-48.4792496360000,-0.2369458040000
-48.4779420630000,-0.2364171199999
-48.4761102099999,-0.2359569049999
-48.4745721269999,-0.2360226070000
-48.4735249310000,-0.2356925839999
-48.4726077159999,-0.2351647909999
-48.4715619579999,-0.2350319430000
-48.4690734010000,-0.2357575450000
-48.4650157320000,-0.2378670759999
-48.4626593960000,-0.2397788129999
-48.4610227949999,-0.2407020640000
-48.4598462649999,-0.2409646369999
-48.4590599830000,-0.2408332770000
-48.4575546179999,-0.2409645849999
-48.4557871800000,-0.2420194790000
-48.4541119729999,-0.2426010290000
-48.4502272429999,-0.2424528760000
-48.4471477920000,-0.2422883300000
-48.4450418880000,-0.2412275869999
-48.4435839790000,-0.2394335219999
-48.4426125450000,-0.2366604800000
-48.4410723949999,-0.2356813690000
-48.4397770639999,-0.2356798559999
-48.4374264739999,-0.2360056050000
-48.4358071070000,-0.2363327369999
-48.4335382199999,-0.2371475260000
-48.4324029240000,-0.2382077459999
-48.4319175730000,-0.2391052209999
-48.4324032649999,-0.2399198549999
-48.4333746780000,-0.2413883179999
-48.4333751059999,-0.2428570149999
-48.4331324419999,-0.2444886249999
-48.4324019150000,-0.2453039100000
-48.4311074450000,-0.2457115520000
-48.4311061560000,-0.2461195830000
-48.4319170830000,-0.2462823339999
-48.4331311019999,-0.2462821810000
-48.4339411870000,-0.2470176230000
-48.4339421100000,-0.2474251479999
-48.4330501910000,-0.2476693279999
-48.4307179020000,-0.2483302350000
-48.4301861080000,-0.2493990909999
-48.4296619689999,-0.2502571929999
-48.4285478689999,-0.2509819039999
-48.4274369720000,-0.2513123909999
-48.4271090210000,-0.2513777259999
-48.4265201419999,-0.2513781719999
-48.4257352420000,-0.2511796089999
-48.4248839670000,-0.2502560729999
-48.4237726780000,-0.2497285840000
-48.4224621449999,-0.2496628329999
-48.4199116110000,-0.2503208089999
-48.4178166109999,-0.2511776670000
-48.4149171019999,-0.2524374209999
-48.4121691019999,-0.2529651479999
-48.4082418490000,-0.2544144130000
-48.4061476410000,-0.2553373150000
-48.4035300019999,-0.2562592330000
-48.4019598870000,-0.2579722169999
-48.4001268979999,-0.2598195919999
-48.3996020200000,-0.2619298559999
-48.3993400139999,-0.2643027410000
-48.3986848050000,-0.2662808679999
-48.3969826180000,-0.2677316950000
-48.3960672649999,-0.2690496569999
-48.3955433639999,-0.2702369940000
-48.3947582769999,-0.2711595319999
-48.3934485560000,-0.2714230210000
-48.3910152609999,-0.2725182899999
-48.3887895940000,-0.2741002440000
-48.3872198849999,-0.2756826300000
-48.3856479990000,-0.2775281739999
-48.3842069120000,-0.2789794110000
-48.3819817380000,-0.2802970159999
-48.3809343039999,-0.2813528130000
-48.3793645600000,-0.2829346030000
-48.3784474999999,-0.2849132370000
-48.3780539980000,-0.2878135400000
-48.3775301510000,-0.2903179520000
-48.3759598670000,-0.2934844310000
-48.3749124729999,-0.2953298030000
-48.3743879149999,-0.2958573879999
-48.3726866310000,-0.2966484159999
-48.3721626679999,-0.2975702630000
-48.3707230820000,-0.2975699739999
-48.3703299539999,-0.2986255970000
-48.3700683069999,-0.3004713619999
-48.3698046080000,-0.3058785290000
-48.3708501260000,-0.3098356350000
-48.3726825500000,-0.3128681130000
-48.3749064669999,-0.3156389279999
-48.3769996609999,-0.3161021290000
-48.3773933739999,-0.3157061840000
-48.3773933299999,-0.3151792450000
-48.3770006779999,-0.3146512800000
-48.3766091290000,-0.3142554860000
-48.3766079730000,-0.3135969250000
-48.3766095879999,-0.3129373189999
-48.3771331030000,-0.3128045200000
-48.3779167010000,-0.3128048839999
-48.3783093409999,-0.3133333999999
-48.3792261180000,-0.3149162550000
-48.3800093209999,-0.3170260099999
-48.3810570789999,-0.3199275379999
-48.3818409069999,-0.3229606520000
-48.3830174399999,-0.3267848849999
-48.3844568699999,-0.3311376320000
-48.3864197070000,-0.3336440820000
-48.3870736959999,-0.3356233229999
-48.3870729579999,-0.3401067740000
-48.3882487110000,-0.3468318820000
-48.3886393810000,-0.3498665570000
-48.3898150109999,-0.3580824829999
-48.3903388040000,-0.3612486970000
-48.3912531310000,-0.3649416509999
-48.3922998200000,-0.3665248290000
-48.3936083040000,-0.3682400760000
-48.3959622750000,-0.3699550400000
-48.3981881569999,-0.3719332429999
-48.4005443600000,-0.3736482209999
-48.4035529580000,-0.3765505200000
-48.4053840590000,-0.3790572460000
-48.4076084730000,-0.3820912899999
-48.4090475559999,-0.3849922780000
-48.4104860049999,-0.3872347870000
-48.4128408779999,-0.3906645549999
-48.4177608720000,-0.3942290180000
-48.4202460950000,-0.3969985740000
-48.4226014189999,-0.3991102790000
-48.4248265050000,-0.4017488690000
-48.4273138650000,-0.4037278429999
-48.4287527399999,-0.4043880279999
-48.4300700659999,-0.4055268449999
-48.4315009009999,-0.4067621469999
-48.4327384119999,-0.4080110530000
-48.4339867409999,-0.4092689849999
-48.4356871429999,-0.4113796680000
-48.4379110250000,-0.4126990840000
-48.4389590599999,-0.4141488259999
-48.4398734420000,-0.4158649930000
-48.4410508560000,-0.4181073820000
-48.4432760820000,-0.4204815560000
-48.4441911829999,-0.4228561130000
-48.4449759169999,-0.4250985919999
-48.4468060259999,-0.4290554799999
-48.4481147889999,-0.4331430199999
-48.4487673889999,-0.4374965969999
-48.4487663329999,-0.4405297619999
-48.4487646510000,-0.4433003160000
-48.4487645790000,-0.4456734419999
-48.4487639040000,-0.4477828670000
-48.4488930779999,-0.4503430569999
-48.4496778750000,-0.4525854160000
-48.4507256890000,-0.4553561530000
-48.4525554239999,-0.4594449030000
-48.4539936419999,-0.4640616689999
-48.4562174070000,-0.4688102299999
-48.4576560840000,-0.4726348129999
-48.4593560580000,-0.4764598120000
-48.4606623199999,-0.4809454329999
-48.4618385180000,-0.4841111199999
-48.4644152750000,-0.4887952060000
-48.4667714279999,-0.4918288859999
-48.4725260030000,-0.4992155840000
-48.4733113210000,-0.5006673039999
-48.4744880489999,-0.5033061029999
-48.4746183440000,-0.5052848060000
-48.4746150980000,-0.5077907980000
-48.4738297979999,-0.5110875490000
-48.4742218819999,-0.5186467299999
-48.4744796859999,-0.5223392160000
-48.4750029780000,-0.5251086310000
-48.4763105630000,-0.5270867780000
-48.4770944479999,-0.5291977639999
-48.4770933340000,-0.5314406030000
-48.4770928430000,-0.5338133389999
-48.4777454510000,-0.5367158029999
-48.4781378580000,-0.5396178370000
-48.4781370819999,-0.5408033520000
-48.4777537240000,-0.5414845239999
-48.4776168520000,-0.5417277249999
-48.4764369609999,-0.5423869620000
-48.4747328920000,-0.5434410120000
-48.4742112360000,-0.5451545949999
-48.4738142600000,-0.5483187909999
-48.4738123609999,-0.5542545459999
-48.4739363130000,-0.5667074820000
-48.4742008050000,-0.5706634080000
-48.4743274550000,-0.5734332030000
-48.4748484149999,-0.5755440949999
-48.4755051339999,-0.5769946079999
-48.4768104800000,-0.5783137540000
-48.4770413689999,-0.5786847570000
-48.4774665730000,-0.5793679939999
-48.4781216100000,-0.5808206600000
-48.4790371779999,-0.5833804819999
-48.4790341590000,-0.5845680589999
-48.4783802690000,-0.5857554199999
-48.4773335600000,-0.5869418299999
-48.4766787940000,-0.5890520820000
-48.4768077740000,-0.5920832429999
-48.4770679830000,-0.5943268170000
-48.4771967640000,-0.5965671210000
-48.4771951339999,-0.5990749370000
-48.4774586430000,-0.6011853720000
-48.4777193579999,-0.6030310350000
-48.4775884190000,-0.6052725509999
-48.4770612880000,-0.6075157939999
-48.4770619139999,-0.6100208559999
-48.4771886450000,-0.6130546090000
-48.4784955630000,-0.6194536109999
-48.4792815000000,-0.6202440989999
-48.4811110699999,-0.6205079950000
-48.4821613760000,-0.6203783120000
-48.4841261189999,-0.6199835140000
-48.4850417050000,-0.6199831210000
-48.4857398260000,-0.6202291869999
-48.4867342209999,-0.6202760909999
-48.4876861179999,-0.6202758909999
-48.4881620670000,-0.6202757909999
-48.4886351890000,-0.6201457600000
-48.4888958060000,-0.6201016009999
-48.4892874179999,-0.6198416679999
-48.4895884119999,-0.6198407140000
-48.4898896420000,-0.6200153130000
-48.4898914039999,-0.6200181020000
-48.4901091830000,-0.6203626760000
-48.4901086789999,-0.6208414320000
-48.4899952040000,-0.6215423859999
-48.4898619980000,-0.6220525269999
-48.4897056529999,-0.6230717729999
-48.4895182950000,-0.6242075919999
-48.4896896520000,-0.6247306079999
-48.4901244200000,-0.6246195969999
-48.4902950500000,-0.6244029900000
-48.4913600410000,-0.6227586049999
-48.4921372570000,-0.6218891700000
-48.4924851599999,-0.6214538890000
-48.4928303710000,-0.6214967669999
-48.4928322599999,-0.6214980810000
-48.4931856800000,-0.6217440170000
-48.4933612720000,-0.6221416509999
-48.4936495350000,-0.6227859400000
-48.4939334680000,-0.6229189059999
-48.4941966599999,-0.6236050510000
-48.4941699390000,-0.6240210800000
-48.4940502370000,-0.6248644309999
-48.4935282609999,-0.6252559549999
-48.4928766130000,-0.6257988920000
-48.4921368910000,-0.6263702799999
-48.4911849520000,-0.6267193780000
-48.4902762560000,-0.6265449279999
-48.4895450819999,-0.6259795669999
-48.4891123419999,-0.6258050119999
-48.4885485490000,-0.6261962190000
-48.4877710069999,-0.6264129790000
-48.4872945349999,-0.6260641769999
-48.4869455269999,-0.6253239850000
-48.4866463989999,-0.6245396940000
-48.4863442939999,-0.6233657260000
-48.4863441870000,-0.6227565369999
-48.4861701380000,-0.6223644350000
-48.4859977280000,-0.6223201600000
-48.4856529259999,-0.6223642340000
-48.4851317009999,-0.6227992399999
-48.4843977909999,-0.6237559529999
-48.4836627440000,-0.6250615320000
-48.4827519970000,-0.6268026249999
-48.4811069000000,-0.6285863560000
-48.4792468300000,-0.6304146200000
-48.4787307280000,-0.6308673290000
-48.4779067069999,-0.6313896280000
-48.4773882790000,-0.6319550979999
-48.4771280120000,-0.6324356420000
-48.4769564260000,-0.6330451320000
-48.4769533109999,-0.6339167340000
-48.4775597889999,-0.6350056140000
-48.4782061090000,-0.6366175389999
-48.4788963420000,-0.6379678759999
-48.4791160270000,-0.6391890949999
-48.4792887259999,-0.6410614329999
-48.4794158270000,-0.6433840579999
-48.4797610900000,-0.6443860890000
-48.4802795600000,-0.6454742320000
-48.4805381589999,-0.6463027849999
-48.4814031420000,-0.6474784059999
-48.4824397070000,-0.6485254930000
-48.4829588050000,-0.6490496019999
-48.4835174050000,-0.6491788729999
-48.4840381200000,-0.6487433280000
-48.4842114470000,-0.6483963709999
-48.4843435860000,-0.6481789819999
-48.4846467739999,-0.6481791770000
-48.4849885730000,-0.6483083819999
-48.4857261120000,-0.6488331369999
-48.4861597210000,-0.6496608859999
-48.4867202160000,-0.6504461239999
-48.4873273389999,-0.6508377719999
-48.4883188960000,-0.6508383880000
-48.4893143020000,-0.6508390800000
-48.4900505780000,-0.6513186779999
-48.4909559989999,-0.6518413780000
-48.4915948160000,-0.6517362229999
-48.4925945770000,-0.6512582590000
-48.4928513359999,-0.6512151210000
-48.4928530760000,-0.6512153689999
-48.4931530919999,-0.6512582020000
-48.4937149460000,-0.6517375050000
-48.4943671610000,-0.6524783969999
-48.4950551420000,-0.6532194719999
-48.4953589270000,-0.6533511879999
-48.4960909100000,-0.6532644540000
-48.4964406150000,-0.6530900619999
-48.4970464840000,-0.6527410009999
-48.4974792390000,-0.6529160900000
-48.4982148939999,-0.6536135699999
-48.4985554330000,-0.6546600450000
-48.4985992919999,-0.6554434349999
-48.4986000200000,-0.6561835659999
-48.4982091340000,-0.6573162349999
-48.4979070479999,-0.6577970069999
-48.4973460340000,-0.6583192240000
-48.4968260869999,-0.6587977120000
-48.4965663650000,-0.6591450889999
-48.4961357550000,-0.6593200159999
-48.4956161329999,-0.6594083689999
-48.4951851630000,-0.6591463750000
-48.4949236600000,-0.6588851170000
-48.4946651250000,-0.6586668410000
-48.4945804860000,-0.6584919059999
-48.4945801470000,-0.6584912060000
-48.4946208000000,-0.6580133080000
-48.4951827180000,-0.6577948619999
-48.4957884440000,-0.6575332959999
-48.4963496309999,-0.6570562059999
-48.4969997850000,-0.6564004580000
-48.4975206380000,-0.6555301920000
-48.4975639930000,-0.6549208320000
-48.4975217149999,-0.6543548310000
-48.4971744759999,-0.6542222219999
-48.4965260509999,-0.6541791619999
-48.4957903430000,-0.6541794270000
-48.4950117559999,-0.6541777070000
-48.4941049090000,-0.6541782990000
-48.4930682320000,-0.6541773160000
-48.4922427690000,-0.6540469629999
-48.4915957030000,-0.6536974219999
-48.4903859679999,-0.6535228360000
-48.4894762129999,-0.6534776860000
-48.4888290620000,-0.6538269879999
-48.4877461720000,-0.6546537550000
-48.4866682820000,-0.6556115860000
-48.4854977959999,-0.6566566499999
-48.4839850140000,-0.6577029100000
-48.4826853669999,-0.6586600099999
-48.4814735240000,-0.6590945089999
-48.4804812629999,-0.6596611940000
-48.4797420510000,-0.6604449449999
-48.4794852429999,-0.6611841630000
-48.4793110870000,-0.6633326639999
-48.4796128440000,-0.6650309480000
-48.4795249429999,-0.6662518200000
-48.4794385630000,-0.6675591119999
-48.4793498790000,-0.6686044300000
-48.4794348920000,-0.6704330429999
-48.4796088379999,-0.6718717009999
-48.4799545979999,-0.6732242040000
-48.4808153719999,-0.6753802360000
-48.4812915290000,-0.6766006060000
-48.4817226310000,-0.6774706350000
-48.4818982300000,-0.6776013620000
-48.4821579830000,-0.6772534539999
-48.4822875149999,-0.6768159219999
-48.4827194730000,-0.6763362000000
-48.4829365740000,-0.6762955529999
-48.4831963239999,-0.6762948529999
-48.4832164610000,-0.6763590969999
-48.4832165850000,-0.6763594829999
-48.4832795320000,-0.6765562859999
-48.4831520200000,-0.6769492899999
-48.4831081729999,-0.6773412659999
-48.4832390079999,-0.6779085200000
-48.4836698340000,-0.6786052109999
-48.4842741369999,-0.6795624410000
-48.4845768640000,-0.6805206089999
-48.4845789480000,-0.6812205680000
-48.4841435229999,-0.6821354620000
-48.4835356540000,-0.6830066319999
-48.4830609809999,-0.6837429850000
-48.4827574550000,-0.6843722629999
-48.4823273830000,-0.6853741990000
-48.4821495290000,-0.6871148040000
-48.4823233470000,-0.6886403540000
-48.4825388440000,-0.6899059450000
-48.4829296930000,-0.6909941179999
-48.4835311840000,-0.6918214139999
-48.4841826890000,-0.6927586849999
-48.4845701810000,-0.6933691780000
-48.4853061109999,-0.6942421560000
-48.4860396650000,-0.6942424109999
-48.4866911070000,-0.6943284609999
-48.4870768000000,-0.6946792020000
-48.4872929310000,-0.6951133869999
-48.4873798550000,-0.6954618249999
-48.4873788190000,-0.6955922089999
-48.4870354790000,-0.6957232459999
-48.4865599340000,-0.6955934989999
-48.4860374620000,-0.6954176670000
-48.4854765460000,-0.6955051539999
-48.4852626799999,-0.6958958160000
-48.4850426419999,-0.6965058939999
-48.4849151779999,-0.6973770370000
-48.4846976730000,-0.6979442470000
-48.4843938289999,-0.6981613810000
-48.4839648449999,-0.6983357700000
-48.4836150799999,-0.6988584360000
-48.4835728460000,-0.6995992760000
-48.4835684700000,-0.7017340749999
-48.4836126410000,-0.7041301219999
-48.4836102479999,-0.7075838289999
-48.4838263810000,-0.7089792419999
-48.4840855560000,-0.7101554509999
-48.4846009500000,-0.7112896170000
-48.4851244900000,-0.7125092310000
-48.4852958600000,-0.7133799030000
-48.4854670559999,-0.7143391559999
-48.4856412189999,-0.7153413839999
-48.4859846340000,-0.7161688269999
-48.4864166500000,-0.7166492590000
-48.4872793510000,-0.7169536890000
-48.4884924920000,-0.7166496450000
-48.4895320230000,-0.7161709059999
-48.4906553430000,-0.7154716040000
-48.4908744820000,-0.7142106210000
-48.4912616740000,-0.7133404470000
-48.4916966110000,-0.7129042760000
-48.4920816180000,-0.7128615820000
-48.4920838970000,-0.7128670619999
-48.4921723330000,-0.7130796850000
-48.4921709590000,-0.7136007120000
-48.4919534250000,-0.7145167450000
-48.4915224620000,-0.7155615340000
-48.4909990870000,-0.7163903859999
-48.4903512989999,-0.7170873740000
-48.4899220330000,-0.7171946309999
-48.4892708770000,-0.7172802609999
-48.4888375540000,-0.7175844100000
-48.4887939750000,-0.7182839320000
-48.4887508539999,-0.7194153789999
-48.4884498890000,-0.7203737010000
-48.4881432930000,-0.7210711050000
-48.4875823290000,-0.7218540539999
-48.4868903359999,-0.7229864359999
-48.4865855770000,-0.7242087710000
-48.4864142080000,-0.7256880460000
-48.4860198160000,-0.7278680830000
-48.4858061840000,-0.7291280470000
-48.4854129100000,-0.7331496090000
-48.4855853110000,-0.7338904250000
-48.4858890620000,-0.7350674990000
-48.4861906679999,-0.7363754730000
-48.4864081590000,-0.7374654850000
-48.4868370870000,-0.7383370219999
-48.4880917440000,-0.7392525200000
-48.4909421843148,-0.7398346128864
-48.4917063230000,-0.7415608429999
-48.4928775210000,-0.7429627000000
-48.4945935819999,-0.7438024849999
-48.4967024570000,-0.7441938210000
-48.4986673950000,-0.7442868190000
-48.5011495120000,-0.7450021910000
-48.5031125319472,-0.7451004179999
-48.5061067650000,-0.7508911140000
-48.4302407729999,-0.8086527499999
-48.4296175059999,-0.8091201999999
-48.4277477059999,-0.8081852999999
-48.4265011729999,-0.8058480489999
-48.4263453560000,-0.8044456989999
-48.4255662729999,-0.8022642660000
-48.4258779059999,-0.8008619159999
-48.4272802559999,-0.8008619159999
-48.4272802559999,-0.8008619159999
-48.4296175059999,-0.8047573329999
-48.4302407729999,-0.8078736659999
-48.5061067650000,-0.7508911140000

