-50.497396,2.096843
-50.500301,2.097386
-50.502349,2.098036
-50.504718,2.099339
-50.506873,2.100098
-50.509459,2.102374
-50.511717,2.105734
-50.513041,2.108421
-50.514710,2.111240
-50.516595,2.115249
-50.517994,2.118772
-50.519285,2.121156
-50.520524,2.123055
-50.521546,2.123866
-50.522839,2.125275
-50.523270,2.126739
-50.523754,2.129936
-50.524398,2.132158
-50.525205,2.133730
-50.526338,2.135247
-50.527790,2.136873
-50.529783,2.139094
-50.531561,2.141318
-50.533013,2.143322
-50.534413,2.144732
-50.536730,2.146466
-50.537753,2.147174
-50.539528,2.148256
-50.540929,2.149177
-50.542492,2.149883
-50.543837,2.150588
-50.545075,2.150804
-50.545886,2.150642
-50.546583,2.149937
-50.547285,2.149341
-50.548255,2.149341
-50.549440,2.149832
-50.550032,2.150102
-50.550787,2.150102
-50.551542,2.150102
-50.552618,2.150535
-50.553425,2.151998
-50.553263,2.152703
-50.552239,2.153135
-50.551324,2.152649
-50.550354,2.152485
-50.549599,2.152865
-50.549116,2.153622
-50.548954,2.154815
-50.548629,2.156333
-50.547715,2.158066
-50.546259,2.159801
-50.544697,2.162129
-50.543297,2.163645
-50.541788,2.165217
-50.540064,2.165975
-50.538610,2.167166
-50.536615,2.168521
-50.535214,2.170148
-50.534406,2.171174
-50.532949,2.172204
-50.532141,2.173124
-50.531012,2.174208
-50.530527,2.174966
-50.530256,2.175942
-50.530093,2.176593
-50.529609,2.177242
-50.529015,2.178001
-50.528209,2.178813
-50.527724,2.179517
-50.527454,2.180440
-50.527093,2.181214
-50.527092,2.181216
-50.527075,2.181252
-50.526216,2.181685
-50.525192,2.182443
-50.524382,2.183363
-50.523952,2.184123
-50.523899,2.184718
-50.523467,2.185530
-50.522497,2.185801
-50.522065,2.186072
-50.521635,2.186776
-50.520719,2.186993
-50.519804,2.187588
-50.519210,2.188130
-50.518132,2.188619
-50.517541,2.189105
-50.516407,2.190027
-50.515330,2.190297
-50.514471,2.190568
-50.513662,2.191165
-50.512962,2.191380
-50.512475,2.191651
-50.511938,2.192138
-50.511451,2.192408
-50.511021,2.192354
-50.510534,2.191758
-50.510107,2.191161
-50.509298,2.190836
-50.508598,2.190782
-50.507952,2.190836
-50.507628,2.191540
-50.506819,2.191919
-50.506390,2.191595
-50.506388,2.190944
-50.506013,2.190023
-50.505583,2.189318
-50.505367,2.189156
-50.504288,2.188939
-50.503374,2.189100
-50.502513,2.189046
-50.501436,2.188774
-50.500465,2.188829
-50.499655,2.189156
-50.498257,2.190291
-50.497180,2.190399
-50.496209,2.190400
-50.495079,2.190019
-50.493893,2.189965
-50.492169,2.189693
-50.490662,2.188771
-50.489100,2.188230
-50.487484,2.188066
-50.486030,2.188282
-50.484199,2.188173
-50.482852,2.187846
-50.481936,2.187846
-50.481451,2.187901
-50.480590,2.187793
-50.479620,2.187685
-50.478598,2.187414
-50.477734,2.186815
-50.477035,2.186166
-50.476280,2.185839
-50.475634,2.186003
-50.475097,2.186382
-50.474719,2.186762
-50.473911,2.187356
-50.473155,2.187682
-50.472777,2.187953
-50.472565,2.188548
-50.472834,2.189415
-50.472565,2.189741
-50.471972,2.189417
-50.471487,2.189198
-50.471110,2.189035
-50.470733,2.188710
-50.470410,2.187952
-50.469818,2.187356
-50.469388,2.187137
-50.468795,2.187193
-50.468309,2.187626
-50.467878,2.188004
-50.467285,2.187950
-50.466637,2.188004
-50.466101,2.188438
-50.465721,2.188979
-50.465401,2.189575
-50.464915,2.189792
-50.464590,2.189522
-50.464105,2.188762
-50.463298,2.188166
-50.462546,2.187840
-50.461414,2.187460
-50.460714,2.186810
-50.460121,2.186376
-50.458884,2.186051
-50.458074,2.185942
-50.457106,2.185238
-50.455974,2.184425
-50.455328,2.184316
-50.454736,2.184532
-50.454305,2.184857
-50.453498,2.184910
-50.452852,2.184422
-50.452311,2.183773
-50.452149,2.183015
-50.452367,2.182309
-50.452799,2.181443
-50.452746,2.180792
-50.452476,2.179654
-50.452207,2.178787
-50.451400,2.177703
-50.450430,2.177215
-50.449566,2.176890
-50.448545,2.176673
-50.447685,2.176402
-50.446444,2.175643
-50.445314,2.175535
-50.444130,2.175695
-50.442997,2.176454
-50.440950,2.176399
-50.439121,2.175206
-50.437398,2.173906
-50.436104,2.172659
-50.435242,2.171302
-50.433733,2.169731
-50.432926,2.168537
-50.431851,2.167670
-50.430933,2.166531
-50.429696,2.165123
-50.428888,2.164310
-50.427863,2.163496
-50.427328,2.162467
-50.426735,2.161437
-50.425927,2.160840
-50.424580,2.159865
-50.423611,2.158617
-50.423289,2.157535
-50.423236,2.156288
-50.422918,2.155188
-50.422860,2.154987
-50.421891,2.153686
-50.420706,2.152981
-50.419143,2.152169
-50.417690,2.151354
-50.416398,2.149890
-50.415321,2.148319
-50.414891,2.146586
-50.414998,2.145176
-50.415917,2.142846
-50.416293,2.141762
-50.416778,2.140409
-50.416887,2.139161
-50.416565,2.137536
-50.415918,2.135802
-50.415165,2.134611
-50.414627,2.132985
-50.414359,2.130600
-50.413930,2.127727
-50.414251,2.123338
-50.414414,2.121387
-50.414737,2.119653
-50.416031,2.118245
-50.417323,2.117542
-50.419047,2.116946
-50.420987,2.116676
-50.423195,2.116515
-50.425510,2.116407
-50.428364,2.116732
-50.430413,2.117275
-50.432835,2.117222
-50.435259,2.117117
-50.436983,2.116899
-50.439461,2.116361
-50.441077,2.115819
-50.443769,2.114735
-50.444795,2.113922
-50.445604,2.113055
-50.446464,2.112786
-50.448296,2.113056
-50.450235,2.113761
-50.451364,2.114466
-50.452496,2.115387
-50.453951,2.115929
-50.454756,2.115930
-50.456375,2.115443
-50.457665,2.114740
-50.459227,2.113548
-50.460630,2.112302
-50.463163,2.109649
-50.465155,2.107155
-50.466987,2.104933
-50.469142,2.102821
-50.471403,2.101955
-50.473935,2.101902
-50.476629,2.102824
-50.479269,2.103691
-50.481207,2.104072
-50.482821,2.104072
-50.484924,2.103748
-50.486811,2.102881
-50.488669,2.100958
-50.490393,2.098685
-50.492331,2.097168
-50.494593,2.096625
-50.497396,2.096843
-50.499228,2.093635
-50.497560,2.093528
-50.495784,2.093473
-50.492659,2.093904
-50.491097,2.094663
-50.489373,2.095799
-50.487218,2.098073
-50.485925,2.099861
-50.484903,2.101054
-50.483609,2.101648
-50.481830,2.101756
-50.480378,2.101485
-50.478492,2.100672
-50.477361,2.100238
-50.476071,2.099967
-50.474832,2.099750
-50.473647,2.099587
-50.472194,2.099478
-50.471279,2.099640
-50.470633,2.099260
-50.470633,2.099260
-50.469555,2.099585
-50.468208,2.100452
-50.465677,2.102130
-50.463629,2.104569
-50.462013,2.106733
-50.460503,2.108521
-50.459371,2.109713
-50.458077,2.111066
-50.456786,2.112149
-50.455709,2.112636
-50.454469,2.112690
-50.453180,2.112365
-50.451994,2.111605
-50.450755,2.110630
-50.449627,2.109817
-50.448118,2.109492
-50.446772,2.109328
-50.445102,2.109166
-50.444025,2.109544
-50.441710,2.110302
-50.439122,2.111494
-50.437777,2.112468
-50.436322,2.113066
-50.435406,2.113172
-50.433361,2.113009
-50.430829,2.112737
-50.427760,2.112357
-50.424315,2.112247
-50.419465,2.112625
-50.415428,2.113165
-50.412035,2.113705
-50.409611,2.114571
-50.408912,2.115114
-50.406973,2.115708
-50.406002,2.115708
-50.405034,2.115383
-50.404871,2.116086
-50.404387,2.116953
-50.403469,2.117982
-50.402664,2.118741
-50.401745,2.119607
-50.401153,2.120528
-50.400776,2.121286
-50.400293,2.121883
-50.399592,2.121773
-50.398946,2.120906
-50.398786,2.119769
-50.398516,2.118793
-50.397978,2.117600
-50.396632,2.116300
-50.394749,2.114728
-50.393295,2.112615
-50.392111,2.110610
-50.391141,2.109526
-50.389743,2.108062
-50.389151,2.107196
-50.388882,2.106165
-50.388613,2.104973
-50.387913,2.103727
-50.386837,2.102427
-50.385761,2.101668
-50.384953,2.100639
-50.384278,2.098605
-50.384174,2.096980
-50.384282,2.095355
-50.384066,2.093838
-50.383528,2.092862
-50.382667,2.092211
-50.381697,2.091778
-50.380838,2.091236
-50.380188,2.090694
-50.379114,2.089177
-50.378681,2.087768
-50.378254,2.085817
-50.377822,2.084409
-50.377284,2.082783
-50.376101,2.080831
-50.374837,2.079559
-50.374190,2.079126
-50.373546,2.079017
-50.372899,2.079016
-50.372467,2.079179
-50.371984,2.079341
-50.371119,2.079124
-50.370743,2.078798
-50.370314,2.078256
-50.370314,2.078256
-50.370314,2.078256
-50.370043,2.078744
-50.369667,2.079125
-50.369184,2.079285
-50.368536,2.079069
-50.367782,2.078527
-50.367082,2.077607
-50.366385,2.076630
-50.364769,2.074950
-50.363853,2.073704
-50.362455,2.072673
-50.361108,2.072131
-50.360137,2.071860
-50.359439,2.071318
-50.359062,2.070667
-50.359061,2.069475
-50.358741,2.068716
-50.358149,2.067742
-50.357933,2.066874
-50.358149,2.065682
-50.358363,2.064871
-50.358686,2.064057
-50.359443,2.063300
-50.359873,2.062920
-50.359549,2.062812
-50.358849,2.062595
-50.358203,2.062269
-50.357450,2.061457
-50.356803,2.060373
-50.356698,2.058964
-50.356644,2.057664
-50.356699,2.056526
-50.356698,2.054467
-50.356807,2.052842
-50.357293,2.051433
-50.357833,2.050241
-50.358480,2.049160
-50.358856,2.047533
-50.359341,2.046289
-50.359449,2.044610
-50.359557,2.042982
-50.359665,2.040545
-50.359183,2.038594
-50.358107,2.036860
-50.358107,2.036860
-50.356869,2.035451
-50.355415,2.034204
-50.354230,2.032524
-50.353855,2.031387
-50.353856,2.030302
-50.353801,2.029056
-50.353856,2.028027
-50.353910,2.026675
-50.354017,2.025589
-50.353372,2.025970
-50.352940,2.025860
-50.352349,2.025426
-50.351917,2.024722
-50.351166,2.023801
-50.350573,2.022880
-50.349551,2.021688
-50.348689,2.020603
-50.347989,2.019682
-50.347075,2.017838
-50.345729,2.015347
-50.344867,2.013124
-50.344278,2.010091
-50.343955,2.008031
-50.343954,2.005106
-50.343850,2.003590
-50.344066,2.002452
-50.343958,2.001261
-50.343380,1.999838
-50.343363,1.999668
-50.343332,1.999345
-50.342970,1.998715
-50.342240,1.998400
-50.341458,1.998505
-50.340467,1.998872
-50.339791,1.999544
-50.339706,1.999668
-50.339588,1.999839
-50.338626,2.000771
-50.337872,2.001799
-50.337603,2.002341
-50.336686,2.003261
-50.336042,2.003912
-50.335232,2.003965
-50.334479,2.003099
-50.333889,2.001960
-50.333136,2.000822
-50.331793,1.999838
-50.331556,1.999668
-50.330511,1.998920
-50.329625,1.997451
-50.328323,1.996140
-50.326600,1.995038
-50.325663,1.994617
-50.324831,1.993829
-50.324362,1.993043
-50.324309,1.992256
-50.324471,1.991407
-50.324242,1.990147
-50.322488,1.987820
-50.321007,1.986610
-50.319898,1.985866
-50.318327,1.983724
-50.316847,1.980749
-50.315371,1.977027
-50.313801,1.973770
-50.313153,1.970794
-50.311678,1.966699
-50.310938,1.962700
-50.310014,1.959071
-50.309739,1.954978
-50.310482,1.951630
-50.311222,1.948468
-50.312889,1.945494
-50.313999,1.943354
-50.316309,1.940657
-50.318345,1.938519
-50.319270,1.936566
-50.322046,1.932754
-50.324080,1.929963
-50.326114,1.926895
-50.328244,1.924756
-50.330462,1.922152
-50.332682,1.919735
-50.335178,1.917410
-50.337583,1.915458
-50.339989,1.913039
-50.343131,1.909785
-50.345999,1.906810
-50.349607,1.902998
-50.353490,1.899558
-50.357561,1.895560
-50.361629,1.891563
-50.365698,1.888587
-50.369675,1.885519
-50.373927,1.882637
-50.378642,1.879847
-50.381972,1.878081
-50.383822,1.877431
-50.385207,1.876593
-50.391033,1.874456
-50.395379,1.873063
-50.400000,1.871762
-50.408877,1.869067
-50.414888,1.867488
-50.421821,1.866746
-50.427277,1.866840
-50.432175,1.868052
-50.436427,1.870100
-50.439662,1.872798
-50.445391,1.877265
-50.448996,1.880522
-50.451491,1.882755
-50.453709,1.885452
-50.456204,1.889918
-50.458330,1.894570
-50.459714,1.898570
-50.460728,1.903221
-50.461007,1.906384
-50.461652,1.910477
-50.461769,1.911270
-50.461630,1.911967
-50.461029,1.912803
-50.460981,1.913408
-50.461491,1.912989
-50.461861,1.912942
-50.462369,1.913873
-50.463015,1.916198
-50.463706,1.919454
-50.464305,1.921966
-50.465047,1.923315
-50.465000,1.924386
-50.465324,1.924434
-50.465739,1.924804
-50.465969,1.925780
-50.466523,1.927502
-50.467725,1.930432
-50.468510,1.932573
-50.469712,1.935409
-50.470589,1.937225
-50.471234,1.938804
-50.473035,1.941969
-50.474514,1.943969
-50.475670,1.946062
-50.476317,1.947457
-50.476687,1.948574
-50.477335,1.949644
-50.477425,1.950342
-50.477288,1.950853
-50.477704,1.950853
-50.478026,1.950668
-50.478859,1.950808
-50.480061,1.951877
-50.481447,1.953692
-50.483618,1.956902
-50.484821,1.958809
-50.486575,1.960855
-50.487684,1.962159
-50.488841,1.963602
-50.489904,1.965091
-50.490365,1.966718
-50.490272,1.968997
-50.489808,1.971880
-50.489854,1.974253
-50.489808,1.975787
-50.489900,1.978625
-50.490502,1.980671
-50.492025,1.985648
-50.493780,1.988346
-50.495259,1.990859
-50.496924,1.993510
-50.498309,1.994953
-50.499555,1.996071
-50.500756,1.997185
-50.502006,1.998023
-50.503021,1.998581
-50.503946,1.998863
-50.506028,1.999374
-50.507414,1.999328
-50.510374,1.999468
-50.513377,1.999422
-50.514486,1.999515
-50.516612,1.999563
-50.516997,1.999668
-50.517551,1.999820
-50.519975,2.000733
-50.521120,2.002360
-50.521225,2.004243
-50.521016,2.005290
-50.521013,2.006705
-50.520964,2.007132
-50.520911,2.007595
-50.520596,2.008957
-50.520287,2.009794
-50.520022,2.011052
-50.519921,2.011995
-50.519920,2.013093
-50.520126,2.014193
-50.520232,2.015294
-50.520075,2.016236
-50.519761,2.017179
-50.519189,2.018122
-50.518564,2.019744
-50.518354,2.020740
-50.518199,2.021578
-50.517783,2.022260
-50.517572,2.022834
-50.517574,2.022834
-50.517992,2.022834
-50.518301,2.022991
-50.518407,2.023568
-50.518355,2.024301
-50.518144,2.025296
-50.518093,2.026238
-50.518042,2.027181
-50.517886,2.028176
-50.517883,2.029537
-50.517885,2.031267
-50.517726,2.032943
-50.517207,2.035299
-50.516214,2.037656
-50.515276,2.038860
-50.514550,2.040483
-50.514027,2.042054
-50.513610,2.043207
-50.513454,2.044097
-50.513297,2.045459
-50.513296,2.046140
-50.513246,2.047030
-50.513191,2.047973
-50.513088,2.049021
-50.512776,2.050330
-50.512565,2.051325
-50.512618,2.052162
-50.512931,2.053315
-50.512878,2.053995
-50.512409,2.054624
-50.511525,2.055043
-50.511108,2.055147
-50.510067,2.055462
-50.509183,2.055827
-50.508556,2.056089
-50.508556,2.056089
-50.508974,2.056561
-50.509755,2.057033
-50.510275,2.057556
-50.510535,2.058289
-50.510118,2.059022
-50.509597,2.059546
-50.509180,2.060385
-50.509024,2.061328
-50.509024,2.062532
-50.509231,2.063684
-50.509544,2.064992
-50.509854,2.066354
-50.510063,2.067559
-50.510115,2.068763
-50.510115,2.069968
-50.510217,2.071067
-50.510424,2.072062
-50.510426,2.073740
-50.510114,2.075362
-50.509800,2.077091
-50.509800,2.079029
-50.509788,2.081936
-50.509732,2.083670
-50.508870,2.086867
-50.507728,2.088846
-50.507683,2.088924
-50.506878,2.089682
-50.505100,2.090873
-50.503753,2.091469
-50.502837,2.092065
-50.501920,2.092662
-50.501221,2.093256
-50.500413,2.093635
-50.499228,2.093635
-50.636443,2.105411
-50.634194,2.102226
-50.626006,2.097052
-50.623766,2.096563
-50.623298,2.094465
-50.617832,2.091270
-50.611886,2.083899
-50.613104,2.082952
-50.609437,2.078814
-50.603746,2.073034
-50.600649,2.068566
-50.598061,2.063828
-50.597796,2.060961
-50.598590,2.057633
-50.599783,2.053798
-50.599951,2.051675
-50.599541,2.050146
-50.599862,2.040572
-50.598111,2.030905
-50.596898,2.028527
-50.595363,2.024914
-50.589019,2.004404
-50.582660,1.989633
-50.557981,1.955843
-50.551386,1.949419
-50.539426,1.943088
-50.535619,1.941707
-50.533012,1.940008
-50.529201,1.934174
-50.525616,1.929936
-50.508548,1.888300
-50.507375,1.884510
-50.504332,1.881257
-50.474965,1.838595
-50.466712,1.831014
-50.457156,1.824059
-50.448701,1.817857
-50.444839,1.815036
-50.440640,1.813262
-50.430950,1.810645
-50.427149,1.808564
-50.423725,1.804464
-50.421224,1.803684
-50.414532,1.801755
-50.400464,1.800265
-50.373547,1.801122
-50.358360,1.804682
-50.331294,1.814892
-50.324614,1.815381
-50.289694,1.807874
-50.280047,1.808616
-50.264320,1.812519
-50.244326,1.810070
-50.235271,1.809490
-50.222918,1.810328
-50.214964,1.810745
-50.204285,1.811583
-50.195911,1.812211
-50.189839,1.813473
-50.185443,1.814945
-50.179583,1.815153
-50.174349,1.815063
-50.170896,1.815061
-50.165558,1.814848
-50.160850,1.814320
-50.156352,1.812423
-50.152165,1.810525
-50.147458,1.807363
-50.142017,1.803570
-50.137832,1.801145
-50.134169,1.799038
-50.131554,1.798088
-50.128624,1.796824
-50.125067,1.795453
-50.118056,1.793238
-50.112929,1.791656
-50.104873,1.788704
-50.098490,1.786596
-50.091688,1.784169
-50.084783,1.782586
-50.076935,1.780898
-50.072854,1.779842
-50.067623,1.778050
-50.063960,1.776680
-50.059985,1.775098
-50.056951,1.773096
-50.052662,1.771303
-50.048897,1.769406
-50.046384,1.768247
-50.041467,1.767087
-50.036653,1.765609
-50.031527,1.763394
-50.027655,1.761181
-50.024936,1.760022
-50.019496,1.757175
-50.015730,1.755174
-50.012382,1.752959
-50.008198,1.749799
-50.005792,1.747902
-50.003073,1.746111
-50.000160,1.744776
-49.999619,1.744529
-49.995121,1.742210
-49.990727,1.739996
-49.986439,1.737782
-49.981208,1.735149
-49.978278,1.733673
-49.977023,1.732831
-49.975140,1.731777
-49.970013,1.729667
-49.964889,1.727032
-49.960808,1.725134
-49.956832,1.722921
-49.953486,1.720497
-49.948672,1.717125
-49.945325,1.714595
-49.942187,1.712279
-49.937167,1.708589
-49.933192,1.705956
-49.930264,1.703952
-49.927231,1.701213
-49.924720,1.698895
-49.921793,1.695735
-49.919386,1.692785
-49.918028,1.690361
-49.917087,1.688781
-49.916565,1.686991
-49.916356,1.685305
-49.916671,1.684148
-49.917090,1.682357
-49.917825,1.680041
-49.919082,1.678042
-49.920337,1.676569
-49.917830,1.670670
-49.916469,1.669933
-49.914902,1.668773
-49.912182,1.667719
-49.911657,1.667087
-49.910089,1.665401
-49.909045,1.662768
-49.907583,1.655186
-49.906645,1.650974
-49.905602,1.644339
-49.904871,1.640548
-49.904455,1.637916
-49.903410,1.634756
-49.903111,1.633488
-49.902366,1.630333
-49.901635,1.627278
-49.901322,1.623804
-49.900696,1.621066
-49.899756,1.618222
-49.899339,1.615589
-49.898922,1.612326
-49.898295,1.610536
-49.897877,1.608534
-49.896730,1.602532
-49.896313,1.599372
-49.896418,1.596975
-49.896736,1.593922
-49.897103,1.590448
-49.897157,1.588184
-49.897314,1.585500
-49.897839,1.583921
-49.898100,1.583236
-49.898728,1.583131
-49.899408,1.583500
-49.899774,1.583711
-49.900402,1.584186
-49.900976,1.584395
-49.900717,1.583817
-49.900665,1.583132
-49.900823,1.582395
-49.901291,1.581921
-49.901764,1.581237
-49.902287,1.580342
-49.902864,1.579606
-49.902026,1.579605
-49.900876,1.579446
-49.899882,1.578867
-49.898835,1.578024
-49.898521,1.577102
-49.898418,1.575838
-49.898209,1.574364
-49.898524,1.573101
-49.898421,1.572047
-49.898212,1.570994
-49.898317,1.569521
-49.898319,1.567415
-49.898006,1.565414
-49.897273,1.563412
-49.897066,1.561623
-49.896439,1.558357
-49.895919,1.553408
-49.895293,1.548880
-49.894250,1.540982
-49.892583,1.530346
-49.891332,1.521711
-49.890915,1.516341
-49.890602,1.514972
-49.890602,1.512971
-49.890395,1.509391
-49.889562,1.505283
-49.889038,1.501599
-49.888726,1.499387
-49.888308,1.497280
-49.887681,1.495595
-49.887475,1.492963
-49.887265,1.491384
-49.886848,1.490437
-49.886429,1.488856
-49.887058,1.488014
-49.887790,1.487593
-49.887059,1.486644
-49.886954,1.484960
-49.886852,1.482538
-49.886330,1.480748
-49.886122,1.478010
-49.885182,1.474114
-49.883824,1.470533
-49.882255,1.466636
-49.880584,1.463477
-49.878911,1.461370
-49.877343,1.459158
-49.876507,1.457262
-49.876089,1.455261
-49.876194,1.453997
-49.876507,1.452945
-49.877032,1.452840
-49.877660,1.452945
-49.877764,1.451892
-49.877975,1.450207
-49.877871,1.448312
-49.877349,1.446733
-49.875989,1.445047
-49.874840,1.443151
-49.874318,1.441361
-49.873900,1.438833
-49.873587,1.435674
-49.873066,1.432515
-49.872126,1.428935
-49.871604,1.427355
-49.870558,1.425881
-49.869617,1.424300
-49.868782,1.422721
-49.868783,1.421352
-49.869096,1.419983
-49.869305,1.419036
-49.868888,1.418403
-49.868888,1.417772
-49.868889,1.415141
-49.869101,1.413665
-49.868891,1.412612
-49.868054,1.410086
-49.866697,1.404504
-49.866910,1.396817
-49.867116,1.390586
-49.867118,1.388962
-49.867341,1.387790
-49.868193,1.386618
-49.869583,1.385627
-49.872181,1.385087
-49.874780,1.384774
-49.876707,1.384504
-49.878185,1.384413
-49.880201,1.383874
-49.881142,1.383514
-49.881859,1.383244
-49.881142,1.382837
-49.879889,1.382747
-49.877515,1.383016
-49.875721,1.383060
-49.874109,1.382699
-49.873080,1.381797
-49.871601,1.380353
-49.870930,1.379541
-49.870482,1.378774
-49.870303,1.377421
-49.870349,1.376114
-49.870361,1.375757
-49.870395,1.374806
-49.870531,1.372553
-49.870532,1.370388
-49.870847,1.367548
-49.871204,1.365654
-49.871432,1.363670
-49.871298,1.358892
-49.871390,1.354157
-49.871257,1.351406
-49.870989,1.348972
-49.871079,1.346176
-49.871395,1.344012
-49.871844,1.342073
-49.872516,1.340180
-49.873055,1.338962
-49.873414,1.337744
-49.874131,1.336347
-49.875162,1.335220
-49.876146,1.334319
-49.876731,1.334365
-49.877132,1.334590
-49.877268,1.334095
-49.877401,1.333373
-49.877940,1.332471
-49.878613,1.331436
-49.879597,1.330218
-49.880132,1.329076
-49.879610,1.326074
-49.882148,1.317825
-49.886590,1.305981
-49.894416,1.287368
-49.904780,1.266429
-49.913519,1.258427
-49.902339,1.244618
-49.901888,1.244060
-49.901311,1.243239
-49.901202,1.243214
-49.900455,1.242020
-49.908670,1.240735
-49.913813,1.240636
-49.917105,1.240011
-49.924882,1.238534
-49.935747,1.236471
-49.938049,1.236106
-49.947600,1.234589
-49.951278,1.234005
-49.953601,1.233636
-49.959347,1.232723
-49.966565,1.228559
-49.970375,1.226982
-49.974617,1.225227
-49.976773,1.224250
-49.978625,1.223412
-49.981975,1.221895
-49.988916,1.218980
-49.999466,1.217453
-50.016533,1.217291
-50.024320,1.217217
-50.028758,1.217175
-50.034477,1.218142
-50.047638,1.220368
-50.055134,1.219952
-50.060538,1.218729
-50.066795,1.217314
-50.085505,1.210903
-50.086647,1.210512
-50.100390,1.205514
-50.110944,1.205248
-50.116910,1.205098
-50.127877,1.205098
-50.135374,1.208846
-50.139846,1.214046
-50.141343,1.215787
-50.143009,1.223144
-50.143564,1.234250
-50.142037,1.240775
-50.137873,1.247994
-50.132597,1.257017
-50.129682,1.268678
-50.129616,1.271766
-50.129543,1.275203
-50.128988,1.286170
-50.128415,1.291072
-50.127738,1.296859
-50.126534,1.302452
-50.125795,1.305883
-50.127425,1.321714
-50.127738,1.324763
-50.129821,1.328927
-50.132042,1.331565
-50.133275,1.332160
-50.136068,1.333509
-50.140649,1.334480
-50.145785,1.332398
-50.151200,1.330038
-50.156891,1.328372
-50.161641,1.328290
-50.162988,1.328267
-50.164943,1.328233
-50.175866,1.329641
-50.187328,1.331118
-50.191875,1.331704
-50.200759,1.331704
-50.203045,1.331588
-50.211726,1.331149
-50.220300,1.330446
-50.228663,1.329760
-50.237472,1.327824
-50.255269,1.323911
-50.260869,1.322680
-50.266839,1.320598
-50.276973,1.318516
-50.282665,1.314629
-50.286552,1.310742
-50.289328,1.304495
-50.292105,1.296165
-50.292271,1.295473
-50.294603,1.285754
-50.297657,1.272565
-50.297843,1.264774
-50.297935,1.260904
-50.297497,1.259239
-50.295159,1.250354
-50.293003,1.246209
-50.286589,1.233874
-50.286135,1.233001
-50.283597,1.229745
-50.279749,1.224810
-50.278361,1.220785
-50.278418,1.219315
-50.278462,1.218167
-50.278639,1.213566
-50.279726,1.211327
-50.282513,1.205589
-50.283359,1.203848
-50.285695,1.202001
-50.287531,1.200549
-50.289328,1.199128
-50.293632,1.194963
-50.299740,1.187884
-50.307617,1.175486
-50.308208,1.174557
-50.309283,1.173449
-50.312789,1.169837
-50.316954,1.166921
-50.319643,1.165413
-50.322646,1.163728
-50.327884,1.161633
-50.331618,1.160140
-50.332351,1.159846
-50.333057,1.159564
-50.339860,1.158175
-50.345721,1.158056
-50.346662,1.158037
-50.347453,1.158071
-50.349855,1.158175
-50.355685,1.160258
-50.356904,1.161280
-50.359989,1.163867
-50.361697,1.165478
-50.367346,1.170808
-50.373682,1.179256
-50.374344,1.180138
-50.376925,1.183580
-50.380274,1.186824
-50.381368,1.187884
-50.384486,1.188955
-50.385810,1.189411
-50.387387,1.189794
-50.390946,1.190660
-50.397054,1.190799
-50.400434,1.190469
-50.402746,1.190244
-50.410937,1.187051
-50.412401,1.187051
-50.415399,1.187051
-50.417878,1.187051
-50.420813,1.187051
-50.424852,1.190235
-50.426166,1.192136
-50.426994,1.193806
-50.427201,1.195371
-50.426785,1.197145
-50.426267,1.198397
-50.425231,1.199648
-50.423572,1.201944
-50.422742,1.203195
-50.422327,1.204448
-50.422223,1.205595
-50.421481,1.207508
-50.421187,1.208062
-50.418960,1.211380
-50.418769,1.212147
-50.418722,1.212722
-50.418721,1.213249
-50.418912,1.213872
-50.419149,1.214639
-50.419862,1.216365
-50.420289,1.218569
-50.420100,1.221685
-50.419529,1.223361
-50.419337,1.225134
-50.420091,1.227684
-50.420091,1.228690
-50.420376,1.229409
-50.420852,1.230416
-50.421422,1.231183
-50.422278,1.232093
-50.423277,1.232860
-50.423943,1.233484
-50.424800,1.234106
-50.425370,1.234778
-50.425703,1.235736
-50.426226,1.237557
-50.426559,1.238228
-50.426986,1.238756
-50.427747,1.239570
-50.428365,1.240290
-50.429031,1.240816
-50.430508,1.240758
-50.434655,1.242220
-50.436210,1.244308
-50.437138,1.250831
-50.438328,1.252853
-50.438803,1.253448
-50.440826,1.254519
-50.444157,1.256065
-50.445942,1.256184
-50.449511,1.257493
-50.452087,1.260158
-50.450939,1.261895
-50.450225,1.263561
-50.449630,1.265345
-50.449749,1.266535
-50.449868,1.268915
-50.451177,1.270342
-50.451891,1.271294
-50.453199,1.273673
-50.455698,1.276767
-50.456768,1.280931
-50.553940,1.460353
-50.560584,1.472474
-50.559336,1.472689
-50.559082,1.473420
-50.558920,1.473735
-50.558946,1.474124
-50.558945,1.474828
-50.558945,1.475433
-50.559221,1.476094
-50.559473,1.476590
-50.559973,1.477918
-50.559828,1.478442
-50.559532,1.479280
-50.559116,1.480218
-50.558720,1.481102
-50.557919,1.482013
-50.556578,1.482462
-50.554691,1.483091
-50.552803,1.483251
-50.551778,1.483736
-50.550276,1.484537
-50.549279,1.484690
-50.548093,1.485462
-50.547310,1.487281
-50.548575,1.490312
-50.550262,1.492858
-50.550261,1.495951
-50.548634,1.496799
-50.545244,1.496359
-50.544318,1.496172
-50.543670,1.496171
-50.543114,1.496219
-50.542652,1.496405
-50.542141,1.496777
-50.540614,1.498223
-50.539502,1.499529
-50.539131,1.500554
-50.538854,1.501208
-50.538853,1.501999
-50.538808,1.502840
-50.538854,1.503493
-50.539084,1.504052
-50.539410,1.504612
-50.541075,1.505870
-50.542509,1.506617
-50.544593,1.508437
-50.545148,1.509136
-50.546129,1.511107
-50.546684,1.512320
-50.546729,1.513205
-50.546682,1.514091
-50.546498,1.514557
-50.546127,1.515350
-50.545617,1.516236
-50.545108,1.516843
-50.544507,1.517402
-50.543720,1.517822
-50.542561,1.518007
-50.540247,1.518100
-50.538951,1.518240
-50.538395,1.518240
-50.537377,1.518379
-50.536591,1.518706
-50.536080,1.518986
-50.535154,1.519545
-50.534646,1.520058
-50.534413,1.520571
-50.534275,1.521550
-50.534043,1.522623
-50.533858,1.523789
-50.534190,1.524545
-50.534698,1.524871
-50.535255,1.525431
-50.535762,1.525757
-50.537012,1.525992
-50.537846,1.526131
-50.538355,1.526271
-50.538911,1.526364
-50.539604,1.526598
-50.540993,1.527577
-50.542659,1.529536
-50.543632,1.531355
-50.544326,1.533500
-50.544926,1.535179
-50.544973,1.536624
-50.544973,1.537184
-50.544509,1.538211
-50.544417,1.538537
-50.544416,1.539329
-50.544414,1.541288
-50.544045,1.542731
-50.543673,1.543477
-50.543072,1.544037
-50.542516,1.544596
-50.542146,1.545063
-50.541775,1.545949
-50.541542,1.546695
-50.541126,1.549399
-50.540709,1.551358
-50.540014,1.552897
-50.538856,1.554948
-50.538488,1.557112
-50.538672,1.560796
-50.538716,1.564573
-50.538855,1.566859
-50.539271,1.569796
-50.539729,1.575303
-50.539589,1.577494
-50.539126,1.580666
-50.538756,1.585329
-50.538524,1.587286
-50.538291,1.590042
-50.538661,1.593727
-50.539539,1.596199
-50.539702,1.596514
-50.541020,1.599044
-50.543104,1.600956
-50.546713,1.603754
-50.548379,1.605761
-50.549248,1.607312
-50.549434,1.608710
-50.549110,1.611322
-50.548043,1.613654
-50.547396,1.615332
-50.547025,1.616777
-50.547025,1.617851
-50.547395,1.619762
-50.547810,1.620788
-50.548736,1.621954
-50.550310,1.623026
-50.551771,1.624340
-50.552651,1.625972
-50.553485,1.627792
-50.553992,1.630076
-50.554502,1.632594
-50.554409,1.634320
-50.553206,1.636758
-50.552003,1.640115
-50.551122,1.642540
-50.550427,1.644498
-50.550333,1.646969
-50.550519,1.648370
-50.550935,1.649207
-50.551351,1.649721
-50.552601,1.650607
-50.553713,1.651214
-50.554500,1.651494
-50.555009,1.651542
-50.555749,1.651402
-50.556722,1.650981
-50.558389,1.650376
-50.558898,1.650143
-50.559547,1.650096
-50.560008,1.650097
-50.560796,1.650376
-50.561259,1.650610
-50.563018,1.651123
-50.565703,1.652476
-50.567139,1.653549
-50.568018,1.654621
-50.569117,1.656682
-50.569905,1.657848
-50.570229,1.658314
-50.570368,1.658921
-50.570368,1.659386
-50.570368,1.659806
-50.570598,1.660180
-50.570830,1.660507
-50.571848,1.662092
-50.572311,1.663491
-50.572357,1.664564
-50.572680,1.666010
-50.573283,1.667829
-50.574717,1.670906
-50.578270,1.676133
-50.579011,1.677858
-50.579474,1.678745
-50.579565,1.679397
-50.579519,1.680283
-50.579474,1.680703
-50.579473,1.681357
-50.579518,1.682335
-50.579842,1.683268
-50.580721,1.684901
-50.581046,1.686626
-50.580953,1.687092
-50.580675,1.687652
-50.580305,1.688305
-50.579749,1.689331
-50.579479,1.689812
-50.579109,1.690139
-50.578600,1.690466
-50.577904,1.690745
-50.577303,1.690978
-50.576793,1.691071
-50.576145,1.691397
-50.575543,1.691677
-50.575033,1.692237
-50.574711,1.692889
-50.574478,1.693682
-50.574154,1.694522
-50.573921,1.695127
-50.573737,1.695921
-50.573736,1.696759
-50.573643,1.697414
-50.573458,1.697832
-50.573273,1.698159
-50.572950,1.698625
-50.572765,1.699231
-50.572531,1.699884
-50.572531,1.700770
-50.572670,1.702681
-50.572343,1.704697
-50.572297,1.705396
-50.572251,1.705909
-50.572112,1.706376
-50.571880,1.706842
-50.571369,1.707215
-50.570861,1.707495
-50.570120,1.707868
-50.569517,1.708380
-50.569008,1.708893
-50.568639,1.709220
-50.568175,1.709639
-50.567758,1.710105
-50.567619,1.710758
-50.567480,1.711365
-50.567618,1.712670
-50.567896,1.713417
-50.568219,1.713975
-50.569182,1.716010
-50.570569,1.718615
-50.572325,1.720756
-50.573618,1.722151
-50.576763,1.725594
-50.578981,1.727362
-50.581291,1.729223
-50.582218,1.730247
-50.583164,1.730712
-50.583395,1.731549
-50.583996,1.733084
-50.597447,1.734007
-50.596797,1.735873
-50.596844,1.738064
-50.597307,1.739043
-50.598556,1.740163
-50.599851,1.740676
-50.601056,1.740722
-50.602075,1.740816
-50.602677,1.740723
-50.603555,1.740443
-50.603833,1.739885
-50.605177,1.736994
-50.606519,1.736014
-50.608555,1.735549
-50.610917,1.735735
-50.613092,1.737882
-50.615451,1.741425
-50.616088,1.742756
-50.616227,1.743921
-50.614606,1.748723
-50.614051,1.750214
-50.614050,1.752266
-50.613817,1.757577
-50.614648,1.762987
-50.616408,1.767041
-50.618490,1.770259
-50.620665,1.773570
-50.621822,1.774969
-50.624169,1.777216
-50.626391,1.781088
-50.628750,1.785516
-50.631249,1.789573
-50.634380,1.797026
-50.634935,1.798706
-50.634750,1.800664
-50.634750,1.802576
-50.635488,1.807285
-50.636368,1.811293
-50.637567,1.815545
-50.639511,1.818435
-50.639740,1.818680
-50.641870,1.820953
-50.643212,1.822727
-50.643628,1.823613
-50.643627,1.824125
-50.643511,1.824562
-50.643324,1.825229
-50.642795,1.827109
-50.642299,1.829684
-50.642193,1.830233
-50.641366,1.831819
-50.640671,1.833544
-50.640301,1.835036
-50.640346,1.836108
-50.641781,1.838720
-50.643956,1.842636
-50.646427,1.845057
-50.647238,1.845660
-50.649621,1.843233
-50.651616,1.841362
-50.653238,1.839242
-50.654235,1.837621
-50.656106,1.833256
-50.656605,1.830263
-50.656355,1.828143
-50.655826,1.826156
-50.657757,1.825237
-50.661182,1.827357
-50.663090,1.828767
-50.665709,1.830637
-50.668452,1.832508
-50.672568,1.834254
-50.675179,1.834675
-50.678304,1.836000
-50.681173,1.837122
-50.682423,1.837063
-50.683791,1.836997
-50.685787,1.836124
-50.688406,1.835002
-50.690276,1.833755
-50.692770,1.831760
-50.694891,1.830388
-50.698008,1.828517
-50.700752,1.826896
-50.703745,1.824526
-50.705491,1.822157
-50.708484,1.820660
-50.710479,1.820411
-50.713472,1.820286
-50.714310,1.819744
-50.715592,1.818915
-50.717089,1.817418
-50.721329,1.816919
-50.724945,1.816919
-50.731181,1.820660
-50.739786,1.832009
-50.740035,1.831011
-50.740035,1.829016
-50.739412,1.826896
-50.739910,1.824651
-50.739910,1.822656
-50.740659,1.820910
-50.742280,1.820785
-50.743527,1.821409
-50.745148,1.823279
-50.748890,1.830014
-50.750012,1.830014
-50.751134,1.828268
-50.751633,1.825524
-50.752880,1.822905
-50.756123,1.822905
-50.757869,1.822905
-50.758742,1.822905
-50.762732,1.822905
-50.764191,1.823392
-50.765725,1.823903
-50.768742,1.824127
-50.768811,1.822733
-50.769089,1.822037
-50.769434,1.820503
-50.769504,1.819458
-50.769712,1.818344
-50.770543,1.817715
-50.771581,1.817786
-50.772552,1.817855
-50.773313,1.817996
-50.774489,1.818413
-50.775667,1.818692
-50.776568,1.818137
-50.777329,1.817229
-50.778714,1.815627
-50.779477,1.814302
-50.780100,1.813189
-50.780861,1.812562
-50.781900,1.811238
-50.782594,1.809844
-50.783009,1.808450
-50.783010,1.806988
-50.783009,1.805594
-50.783010,1.803852
-50.783009,1.802806
-50.782386,1.801552
-50.781764,1.800646
-50.781210,1.799461
-50.780932,1.798207
-50.780310,1.796326
-50.779688,1.795558
-50.778717,1.794583
-50.778579,1.793329
-50.778440,1.792214
-50.778857,1.791099
-50.778995,1.790542
-50.779341,1.790472
-50.779688,1.790542
-50.780171,1.791030
-50.780448,1.791517
-50.781210,1.792493
-50.782735,1.793679
-50.783565,1.793539
-50.784396,1.793330
-50.785503,1.793749
-50.786265,1.794305
-50.786957,1.794933
-50.787650,1.795490
-50.788551,1.796047
-50.789590,1.796188
-50.790420,1.795839
-50.790975,1.795142
-50.791182,1.794446
-50.791597,1.793470
-50.792568,1.792633
-50.793606,1.791589
-50.794368,1.790753
-50.794853,1.789777
-50.795546,1.788662
-50.796237,1.787897
-50.797070,1.787130
-50.797761,1.786711
-50.798316,1.786851
-50.799563,1.787617
-50.800878,1.788175
-50.802056,1.788245
-50.803025,1.788106
-50.804062,1.787479
-50.804687,1.786922
-50.805242,1.785458
-50.806003,1.784901
-50.806488,1.784622
-50.807318,1.784343
-50.807804,1.783717
-50.807803,1.782811
-50.808150,1.781695
-50.809189,1.780790
-50.810227,1.780512
-50.811267,1.780442
-50.813067,1.780582
-50.814106,1.781000
-50.815698,1.781837
-50.816737,1.782742
-50.815253,1.783650
-50.814691,1.784216
-50.814016,1.784669
-50.813229,1.785687
-50.812666,1.786535
-50.812553,1.787215
-50.812273,1.788345
-50.811372,1.789024
-50.810586,1.788967
-50.810135,1.788402
-50.809460,1.787497
-50.808448,1.787497
-50.807886,1.788006
-50.807942,1.788967
-50.807998,1.789647
-50.807549,1.790609
-50.806649,1.791118
-50.805581,1.791230
-50.804231,1.791401
-50.802939,1.791514
-50.801363,1.791570
-50.800453,1.792279
-50.800119,1.793003
-50.800174,1.794112
-50.800002,1.794698
-50.799480,1.795420
-50.798895,1.796168
-50.798892,1.797134
-50.800489,1.799245
-50.800852,1.799427
-50.801124,1.799795
-50.801762,1.800297
-50.803080,1.800708
-50.803897,1.800846
-50.804760,1.801303
-50.805260,1.801943
-50.805578,1.802767
-50.806305,1.803498
-50.806896,1.803728
-50.807170,1.804231
-50.807123,1.804826
-50.806850,1.805237
-50.806578,1.806106
-50.806759,1.806517
-50.806896,1.806884
-50.806714,1.807614
-50.807032,1.808118
-50.807714,1.808026
-50.808351,1.807432
-50.808577,1.806884
-50.808714,1.806471
-50.808987,1.806289
-50.809442,1.806517
-50.809714,1.807089
-50.809897,1.807821
-50.810897,1.809011
-50.811715,1.809468
-50.812168,1.810109
-50.812258,1.810566
-50.812987,1.811572
-50.814623,1.812486
-50.815532,1.812213
-50.816622,1.812030
-50.817623,1.812212
-50.818349,1.812304
-50.819258,1.812030
-50.819894,1.811755
-50.820349,1.811481
-50.820258,1.810292
-50.819803,1.810201
-50.819168,1.810201
-50.818805,1.809926
-50.819076,1.809286
-50.819895,1.809103
-50.820713,1.809103
-50.821531,1.809287
-50.822622,1.809743
-50.823712,1.810385
-50.824620,1.811300
-50.824984,1.811755
-50.825530,1.812670
-50.826620,1.812854
-50.827530,1.812854
-50.828166,1.812304
-50.828257,1.811299
-50.828439,1.810568
-50.828984,1.810384
-50.829985,1.810567
-50.830712,1.811664
-50.830983,1.812670
-50.830983,1.814135
-50.831439,1.815049
-50.832413,1.815087
-50.833068,1.815139
-50.833497,1.815509
-50.833706,1.816025
-50.833702,1.817561
-50.833840,1.817906
-50.833946,1.818171
-50.834473,1.818320
-50.835101,1.817987
-50.836032,1.816890
-50.836771,1.816270
-50.837846,1.816309
-50.839260,1.816704
-50.840202,1.817448
-50.840791,1.819707
-50.841353,1.820200
-50.844027,1.821259
-50.844858,1.822184
-50.845278,1.825468
-50.845864,1.825964
-50.848488,1.826614
-50.849803,1.826714
-50.852420,1.826321
-50.853886,1.826641
-50.854643,1.827592
-50.854798,1.829543
-50.855746,1.830136
-50.856388,1.830129
-50.857440,1.829579
-50.858298,1.828923
-50.859291,1.827827
-50.860047,1.827331
-50.861039,1.827451
-50.862623,1.828991
-50.863263,1.829312
-50.867207,1.829895
-50.867740,1.830164
-50.869188,1.829885
-50.869971,1.829270
-50.869911,1.827618
-50.870904,1.825618
-50.872125,1.825093
-50.873207,1.824218
-50.874764,1.823234
-50.875743,1.823085
-50.877082,1.823374
-50.878297,1.823846
-50.880704,1.825345
-50.881109,1.825893
-50.881993,1.828167
-50.883487,1.828539
-50.884408,1.827695
-50.884960,1.827407
-50.885676,1.827409
-50.887040,1.827758
-50.887711,1.827691
-50.887705,1.827525
-50.888867,1.825984
-50.889384,1.825821
-50.890131,1.825835
-50.893361,1.827248
-50.894342,1.827189
-50.895434,1.826468
-50.895745,1.825948
-50.898905,1.826974
-50.901188,1.828363
-50.905475,1.829597
-50.907845,1.831284
-50.908644,1.831581
-50.910950,1.831650
-50.914514,1.830361
-50.915246,1.830216
-50.916431,1.830264
-50.917484,1.830616
-50.918883,1.831869
-50.920299,1.832656
-50.922565,1.833015
-50.923890,1.832837
-50.925034,1.832336
-50.925445,1.831762
-50.926117,1.829389
-50.926635,1.828915
-50.927331,1.828707
-50.929479,1.828485
-50.931092,1.827771
-50.932041,1.827766
-50.932930,1.827954
-50.934827,1.828921
-50.935906,1.829060
-50.936541,1.828933
-50.937205,1.828591
-50.938084,1.827185
-50.939843,1.825969
-50.941976,1.826436
-50.944229,1.826330
-50.945740,1.826839
-50.946855,1.827671
-50.948944,1.829664
-50.950424,1.830624
-50.952623,1.831009
-50.954931,1.830797
-50.955689,1.830858
-50.957139,1.831364
-50.958174,1.832323
-50.958810,1.832559
-50.959637,1.832965
-50.966084,1.838620
-50.969757,1.838866
-50.974509,1.841576
-50.974725,1.841698
-50.975843,1.842336
-50.977681,1.843744
-50.979546,1.846615
-50.980456,1.848016
-50.980918,1.850064
-50.985908,1.850438
-50.991227,1.851905
-50.998196,1.855023
-51.000449,1.856862
-51.004018,1.860567
-51.007918,1.864466
-51.011817,1.867391
-51.017472,1.869341
-51.020396,1.868561
-51.022541,1.866611
-51.027611,1.865051
-51.031510,1.865051
-51.034435,1.864856
-51.038529,1.866221
-51.045549,1.867391
-51.055302,1.866895
-51.063696,1.857262
-51.072082,1.855769
-51.079448,1.858953
-51.097407,1.852410
-51.097686,1.851364
-51.099051,1.849024
-51.103402,1.843545
-51.103975,1.845900
-51.104385,1.846790
-51.105500,1.847773
-51.106275,1.847627
-51.106559,1.847324
-51.106797,1.846204
-51.106660,1.843902
-51.106752,1.843040
-51.107194,1.842790
-51.107376,1.842687
-51.107641,1.842723
-51.108171,1.842796
-51.108779,1.843107
-51.108943,1.843192
-51.109248,1.843596
-51.110002,1.844595
-51.110416,1.846018
-51.111493,1.847350
-51.112167,1.849956
-51.112500,1.850745
-51.113499,1.851702
-51.114518,1.851877
-51.115248,1.851739
-51.115928,1.851837
-51.116206,1.851878
-51.117080,1.852734
-51.117518,1.853732
-51.117668,1.854074
-51.119019,1.855373
-51.121050,1.855644
-51.121640,1.856165
-51.122600,1.857705
-51.124018,1.858681
-51.124238,1.859579
-51.124368,1.861631
-51.124599,1.862454
-51.125505,1.864298
-51.126507,1.865197
-51.128030,1.866138
-51.128835,1.866403
-51.131907,1.866518
-51.132878,1.866746
-51.133629,1.867476
-51.134048,1.868400
-51.134718,1.869135
-51.135094,1.869134
-51.136020,1.868575
-51.136651,1.868369
-51.137392,1.868385
-51.138882,1.868803
-51.139133,1.868874
-51.141843,1.869641
-51.143431,1.870258
-51.145632,1.871542
-51.149491,1.873306
-51.150570,1.874056
-51.151353,1.874918
-51.151608,1.875685
-51.151469,1.876474
-51.150833,1.877678
-51.150980,1.878591
-51.152174,1.879523
-51.152563,1.880543
-51.154547,1.881205
-51.155295,1.881621
-51.156189,1.882481
-51.157217,1.883868
-51.158802,1.886646
-51.160550,1.887279
-51.161574,1.887936
-51.162014,1.889133
-51.162131,1.890099
-51.162649,1.890806
-51.163041,1.891097
-51.164161,1.891141
-51.165718,1.890786
-51.166534,1.891009
-51.168568,1.891933
-51.171110,1.891649
-51.173452,1.891936
-51.176581,1.892794
-51.181117,1.894490
-51.184781,1.894879
-51.188567,1.894739
-51.191733,1.894095
-51.193357,1.893498
-51.197265,1.891312
-51.201398,1.887761
-51.202770,1.886748
-51.205042,1.885747
-51.208751,1.884574
-51.210825,1.883636
-51.213904,1.881108
-51.215436,1.880221
-51.216552,1.879277
-51.217912,1.878541
-51.218482,1.877802
-51.218915,1.877497
-51.220636,1.877571
-51.221505,1.877013
-51.222222,1.876051
-51.222616,1.875746
-51.223601,1.875621
-51.224569,1.876543
-51.224912,1.877564
-51.225134,1.879325
-51.225351,1.879935
-51.226192,1.881306
-51.227829,1.882427
-51.229328,1.882897
-51.230228,1.882986
-51.230736,1.883036
-51.231218,1.883085
-51.233097,1.883226
-51.234669,1.883111
-51.235062,1.883083
-51.236975,1.883260
-51.238278,1.883696
-51.241459,1.885672
-51.244033,1.888007
-51.246691,1.890139
-51.248637,1.892074
-51.251050,1.895209
-51.256764,1.900422
-51.258078,1.901237
-51.259430,1.901811
-51.263399,1.901825
-51.267567,1.901229
-51.271140,1.900276
-51.274236,1.899800
-51.278047,1.899562
-51.283406,1.899562
-51.287812,1.899562
-51.292100,1.899562
-51.295077,1.899800
-51.299007,1.901229
-51.292283,1.865455
-51.296213,1.865558
-51.299138,1.865753
-51.304208,1.866923
-51.308107,1.868483
-51.313567,1.867703
-51.318051,1.864778
-51.325088,1.864871
-51.325088,1.862370
-51.326040,1.859631
-51.325921,1.852843
-51.323220,1.850341
-51.326874,1.849282
-51.329494,1.848805
-51.333662,1.848567
-51.335925,1.848210
-51.339736,1.847734
-51.342713,1.847495
-51.345929,1.847495
-51.349978,1.847853
-51.352955,1.848686
-51.356528,1.849044
-51.360947,1.847254
-51.366744,1.851000
-51.372164,1.850015
-51.373827,1.844569
-51.367442,1.841532
-51.366029,1.824862
-51.368494,1.816229
-51.375456,1.811831
-51.376179,1.809765
-51.376731,1.808961
-51.377906,1.807738
-51.378181,1.806968
-51.378192,1.806480
-51.377780,1.805533
-51.377797,1.804769
-51.378134,1.804238
-51.379821,1.802803
-51.380059,1.801452
-51.379925,1.799755
-51.380222,1.799237
-51.381332,1.798568
-51.381914,1.797975
-51.382017,1.797336
-51.381773,1.796731
-51.381778,1.795971
-51.382704,1.794207
-51.382735,1.793613
-51.382491,1.793090
-51.382452,1.792063
-51.383785,1.789488
-51.383918,1.788004
-51.384283,1.787017
-51.385835,1.785409
-51.387010,1.783344
-51.388360,1.782559
-51.389916,1.782191
-51.390887,1.780580
-51.391579,1.779861
-51.392079,1.779681
-51.393485,1.779741
-51.394886,1.779175
-51.397438,1.779490
-51.398692,1.779071
-51.399766,1.778353
-51.400567,1.777482
-51.401986,1.775441
-51.404186,1.773336
-51.404567,1.772789
-51.404850,1.771750
-51.405313,1.769689
-51.406452,1.768333
-51.408005,1.767395
-51.409870,1.766769
-51.412355,1.766560
-51.414530,1.765621
-51.415964,1.764269
-51.416187,1.764058
-51.418775,1.762911
-51.420846,1.762806
-51.423849,1.763119
-51.426956,1.762805
-51.428820,1.761659
-51.430789,1.760302
-51.432962,1.759469
-51.434827,1.758530
-51.436484,1.756758
-51.437623,1.754987
-51.438554,1.753527
-51.439070,1.752277
-51.440211,1.751235
-51.440727,1.750817
-51.441636,1.750871
-51.442826,1.751285
-51.443552,1.751702
-51.444276,1.752016
-51.445311,1.752119
-51.445726,1.751494
-51.445726,1.750920
-51.445984,1.750504
-51.446605,1.750399
-51.447071,1.750712
-51.447487,1.751284
-51.447695,1.751910
-51.447643,1.752640
-51.447227,1.753317
-51.446347,1.753995
-51.445570,1.754986
-51.444950,1.756027
-51.444744,1.757486
-51.444743,1.759778
-51.445055,1.761916
-51.445211,1.763426
-51.445522,1.764885
-51.445988,1.765822
-51.446403,1.766760
-51.446221,1.767804
-51.447671,1.767802
-51.449018,1.768011
-51.450363,1.767802
-51.452436,1.767593
-51.454196,1.767697
-51.456682,1.768634
-51.457925,1.769571
-51.459893,1.770613
-51.461616,1.771044
-51.463936,1.772807
-51.467868,1.776798
-51.471305,1.780914
-51.472557,1.783105
-51.474349,1.785656
-51.477992,1.789319
-51.480243,1.791048
-51.480995,1.791871
-51.482114,1.794149
-51.482610,1.795498
-51.483721,1.797570
-51.486203,1.800303
-51.488483,1.803868
-51.489177,1.804646
-51.493844,1.807133
-51.497160,1.809636
-51.500060,1.813391
-51.500476,1.816311
-51.501721,1.818398
-51.505037,1.820483
-51.511253,1.823401
-51.514155,1.825904
-51.518300,1.829657
-51.521202,1.831324
-51.524932,1.833410
-51.528249,1.835078
-51.531563,1.837580
-51.534880,1.840917
-51.536953,1.844672
-51.539441,1.847591
-51.541513,1.849678
-51.547315,1.850092
-51.553117,1.850090
-51.556846,1.850089
-51.560576,1.850088
-51.563891,1.850921
-51.567207,1.852590
-51.570523,1.852587
-51.573424,1.852587
-51.579224,1.852585
-51.582954,1.853836
-51.585029,1.858008
-51.585029,1.861761
-51.585122,1.862593
-51.585446,1.865517
-51.586275,1.869688
-51.587106,1.872609
-51.589593,1.876363
-51.592496,1.880117
-51.593416,1.880555
-51.595067,1.879007
-51.599235,1.879483
-51.601259,1.878888
-51.603165,1.878888
-51.605189,1.878888
-51.609000,1.879602
-51.611739,1.879960
-51.614002,1.879960
-51.616146,1.879960
-51.617813,1.879960
-51.621267,1.881627
-51.624125,1.882699
-51.627102,1.883056
-51.628650,1.883056
-51.627102,1.872838
-51.628412,1.871052
-51.630079,1.869503
-51.632104,1.868670
-51.633890,1.868432
-51.635200,1.868432
-51.636868,1.868432
-51.638535,1.868908
-51.640321,1.869980
-51.641155,1.870575
-51.642941,1.871647
-51.644728,1.872481
-51.647109,1.872957
-51.649683,1.872929
-51.649271,1.879186
-51.648859,1.885025
-51.649688,1.887945
-51.649689,1.890866
-51.648033,1.895038
-51.647620,1.898793
-51.647621,1.902545
-51.647209,1.906301
-51.645139,1.910473
-51.642654,1.914645
-51.640584,1.917149
-51.638100,1.921321
-51.638515,1.925910
-51.641832,1.929662
-51.648048,1.933831
-51.657692,1.939937
-51.660160,1.948995
-51.645584,1.966144
-51.643842,1.980547
-51.644417,1.992185
-51.630829,1.994768
-51.624909,1.999654
-51.624069,2.000347
-51.611112,2.011042
-51.589086,2.019874
-51.601888,2.048283
-51.597578,2.064775
-51.583414,2.079167
-51.581303,2.090090
-51.583605,2.095424
-51.577066,2.108673
-51.570884,2.114144
-51.525911,2.039531
-51.504862,2.026432
-51.494609,2.023878
-51.475697,2.030272
-51.467419,2.040569
-51.469800,2.047150
-51.464998,2.053530
-51.446448,2.064261
-51.433683,2.055137
-51.427671,2.054826
-51.416560,2.059706
-51.415964,2.058522
-51.415101,2.056811
-51.413841,2.055401
-51.410715,2.053448
-51.407839,2.052111
-51.405070,2.050160
-51.399786,2.045133
-51.398310,2.042856
-51.398060,2.042096
-51.397951,2.040903
-51.397376,2.039601
-51.395399,2.037613
-51.394680,2.037143
-51.391803,2.036059
-51.389646,2.034866
-51.388317,2.033709
-51.386376,2.031540
-51.383966,2.030491
-51.374116,2.029191
-51.370883,2.028578
-51.369687,2.028119
-51.368618,2.028373
-51.361609,2.027966
-51.359885,2.028327
-51.359022,2.028653
-51.355500,2.030896
-51.349462,2.034189
-51.347415,2.034730
-51.345269,2.034453
-51.344129,2.033879
-51.343249,2.033827
-51.342731,2.034558
-51.341179,2.034974
-51.339625,2.034349
-51.337967,2.034141
-51.336206,2.035392
-51.335378,2.036538
-51.334344,2.037789
-51.334137,2.038726
-51.334344,2.040082
-51.334137,2.040915
-51.333309,2.041748
-51.332066,2.042373
-51.330927,2.042583
-51.329892,2.042895
-51.329477,2.043521
-51.328959,2.044147
-51.328027,2.044771
-51.326888,2.045397
-51.325749,2.046439
-51.325232,2.047377
-51.324196,2.048002
-51.323264,2.047794
-51.322643,2.047794
-51.321710,2.048211
-51.321504,2.048836
-51.321918,2.049774
-51.322125,2.050711
-51.321711,2.051441
-51.320779,2.052067
-51.320468,2.051754
-51.319950,2.051337
-51.318605,2.051441
-51.317673,2.051962
-51.316845,2.052484
-51.316430,2.052692
-51.315706,2.053421
-51.315395,2.054361
-51.314463,2.054881
-51.312805,2.055194
-51.311149,2.056444
-51.311148,2.057590
-51.311046,2.059050
-51.310321,2.059987
-51.309079,2.060404
-51.308354,2.061447
-51.307938,2.062072
-51.308146,2.063009
-51.308044,2.063635
-51.306696,2.064781
-51.305453,2.065824
-51.303901,2.065928
-51.302657,2.065511
-51.301414,2.065512
-51.300483,2.065928
-51.298825,2.066346
-51.297893,2.066033
-51.295305,2.065408
-51.294476,2.065513
-51.293441,2.066242
-51.291990,2.067285
-51.290126,2.068223
-51.288987,2.068639
-51.287953,2.069786
-51.287331,2.071245
-51.285985,2.072391
-51.284328,2.073226
-51.282877,2.074684
-51.281636,2.075622
-51.281325,2.076664
-51.280705,2.078227
-51.279462,2.078957
-51.277493,2.079686
-51.272731,2.081772
-51.268381,2.084585
-51.264858,2.086463
-51.263822,2.087088
-51.262580,2.088234
-51.260819,2.088130
-51.259370,2.088443
-51.258127,2.089277
-51.256470,2.090007
-51.255228,2.090632
-51.254191,2.091465
-51.253157,2.091466
-51.251811,2.091778
-51.250464,2.092820
-51.249532,2.093446
-51.249531,2.094385
-51.248289,2.095009
-51.247046,2.095010
-51.245287,2.096051
-51.244044,2.096885
-51.243319,2.097928
-51.242594,2.099178
-51.241454,2.099387
-51.240625,2.099595
-51.240211,2.100325
-51.241041,2.101366
-51.241973,2.102409
-51.242180,2.103764
-51.242078,2.106160
-51.241248,2.106784
-51.240110,2.107411
-51.238556,2.107618
-51.237313,2.107619
-51.236071,2.107828
-51.234827,2.108036
-51.233689,2.107932
-51.232858,2.108036
-51.232032,2.108765
-51.231617,2.109704
-51.231617,2.110537
-51.231720,2.111787
-51.231722,2.112934
-51.231929,2.113976
-51.232447,2.114913
-51.232239,2.115746
-51.231306,2.116581
-51.230685,2.117832
-51.230893,2.118977
-51.230479,2.120331
-51.229237,2.120853
-51.228510,2.121791
-51.227579,2.122729
-51.226440,2.122937
-51.225197,2.123354
-51.224783,2.123980
-51.224886,2.124501
-51.224577,2.125751
-51.223644,2.125751
-51.222713,2.126063
-51.221779,2.126480
-51.220744,2.125959
-51.218775,2.124294
-51.216601,2.122313
-51.214530,2.121271
-51.212768,2.121169
-51.210595,2.120125
-51.208834,2.119397
-51.206554,2.119710
-51.205105,2.121065
-51.202826,2.121169
-51.201738,2.120492
-51.200132,2.120336
-51.198038,2.119407
-51.196300,2.119713
-51.194954,2.121274
-51.194643,2.123046
-51.194955,2.124609
-51.194954,2.126068
-51.194333,2.128047
-51.192470,2.128986
-51.190710,2.129508
-51.189052,2.130965
-51.188430,2.132111
-51.187084,2.132945
-51.185945,2.133988
-51.184392,2.135133
-51.183562,2.136280
-51.182631,2.137530
-51.180870,2.138468
-51.178903,2.139303
-51.177246,2.139199
-51.175588,2.138990
-51.174138,2.138678
-51.171964,2.139303
-51.169375,2.139928
-51.168133,2.141283
-51.166579,2.142950
-51.165181,2.144930
-51.162799,2.147119
-51.161245,2.149047
-51.159226,2.150661
-51.157414,2.151703
-51.155809,2.151808
-51.154825,2.151704
-51.153012,2.151235
-51.151563,2.151183
-51.150526,2.151184
-51.149231,2.150767
-51.148145,2.150349
-51.146744,2.149673
-51.145917,2.149517
-51.145192,2.150142
-51.144778,2.150872
-51.144209,2.151444
-51.143534,2.151653
-51.141412,2.151444
-51.140013,2.150976
-51.138564,2.151080
-51.137476,2.151341
-51.136698,2.151602
-51.136078,2.151810
-51.134524,2.151758
-51.132710,2.151706
-51.131417,2.151446
-51.130122,2.151498
-51.129087,2.151862
-51.127844,2.152644
-51.126963,2.153426
-51.126342,2.154364
-51.126135,2.155250
-51.126446,2.156083
-51.126188,2.157021
-51.125410,2.157281
-51.124271,2.157386
-51.123081,2.157646
-51.121991,2.158271
-51.121163,2.158792
-51.120283,2.159626
-51.119506,2.160616
-51.119352,2.161502
-51.119403,2.162231
-51.119247,2.163065
-51.118678,2.163794
-51.118109,2.163793
-51.117281,2.164263
-51.116556,2.164576
-51.115778,2.164055
-51.115105,2.163273
-51.114588,2.163013
-51.113811,2.163065
-51.113757,2.163794
-51.114069,2.164159
-51.114329,2.164732
-51.113863,2.165201
-51.113396,2.165254
-51.112774,2.164576
-51.112152,2.163899
-51.111376,2.162961
-51.110910,2.162857
-51.110132,2.163014
-51.109409,2.163534
-51.108736,2.164107
-51.108113,2.164785
-51.107440,2.165305
-51.106767,2.165306
-51.105939,2.164941
-51.104850,2.164577
-51.103868,2.164368
-51.102417,2.164212
-51.100552,2.164420
-51.098998,2.164941
-51.097652,2.164420
-51.096409,2.163066
-51.095374,2.163379
-51.093923,2.164109
-51.092163,2.164838
-51.090920,2.165359
-51.090506,2.166088
-51.090920,2.167025
-51.091438,2.167338
-51.092164,2.168381
-51.091541,2.169318
-51.090817,2.170464
-51.090610,2.171715
-51.090714,2.173382
-51.090610,2.174736
-51.089781,2.175986
-51.088126,2.177029
-51.086571,2.178280
-51.084499,2.179530
-51.081807,2.181092
-51.079217,2.181301
-51.078389,2.181198
-51.076835,2.180884
-51.075178,2.179843
-51.073831,2.179010
-51.072382,2.178489
-51.071345,2.178801
-51.070205,2.179323
-51.068964,2.179010
-51.067929,2.178281
-51.068032,2.177759
-51.068755,2.177134
-51.068859,2.176405
-51.067927,2.175885
-51.066063,2.175780
-51.064820,2.175780
-51.063266,2.175780
-51.061713,2.175676
-51.059745,2.175571
-51.057984,2.174634
-51.056637,2.173592
-51.055187,2.172447
-51.053325,2.171301
-51.051563,2.170675
-51.049803,2.170362
-51.048456,2.170571
-51.047110,2.171196
-51.045453,2.171197
-51.043485,2.170051
-51.042862,2.169320
-51.041413,2.168279
-51.039964,2.167550
-51.038927,2.167028
-51.037685,2.165778
-51.037062,2.164736
-51.035509,2.163382
-51.034473,2.162860
-51.033335,2.162652
-51.032299,2.162652
-51.031262,2.162965
-51.030953,2.164319
-51.030228,2.165570
-51.029398,2.166195
-51.028052,2.166820
-51.026808,2.166716
-51.025254,2.166299
-51.024117,2.166612
-51.022976,2.166820
-51.021526,2.165675
-51.020284,2.164216
-51.018834,2.162757
-51.017073,2.162653
-51.014897,2.162235
-51.013033,2.161090
-51.011066,2.159943
-51.008372,2.158173
-51.006095,2.157236
-51.004436,2.156192
-51.002469,2.155463
-51.001122,2.155359
-51.000448,2.156264
-50.999758,2.157580
-50.999106,2.157862
-50.998065,2.157651
-50.996919,2.156604
-50.996919,2.155556
-50.997544,2.153879
-50.997753,2.152307
-50.997751,2.150736
-50.997023,2.149897
-50.995981,2.149897
-50.994732,2.150527
-50.993168,2.150421
-50.991920,2.149792
-50.990148,2.148955
-50.988689,2.148430
-50.987544,2.147487
-50.986607,2.146124
-50.985565,2.145286
-50.985148,2.146126
-50.983899,2.147697
-50.982961,2.148955
-50.982648,2.150736
-50.982648,2.151993
-50.983065,2.153460
-50.983690,2.155137
-50.983377,2.157023
-50.983168,2.158490
-50.981815,2.159432
-50.980461,2.160481
-50.978481,2.161739
-50.977441,2.163101
-50.976399,2.164463
-50.975461,2.165302
-50.974523,2.165406
-50.973793,2.165721
-50.973272,2.166140
-50.972857,2.167188
-50.972962,2.168550
-50.972857,2.169702
-50.972439,2.170436
-50.971712,2.170121
-50.971399,2.169389
-50.970878,2.167711
-50.970149,2.167502
-50.969107,2.167711
-50.967650,2.168444
-50.966400,2.169702
-50.965878,2.170855
-50.965356,2.172007
-50.964107,2.172846
-50.962127,2.172846
-50.960670,2.172741
-50.960358,2.172636
-50.959316,2.170646
-50.960358,2.169493
-50.961608,2.168025
-50.962128,2.166769
-50.962338,2.165616
-50.962232,2.164147
-50.961399,2.163520
-50.959628,2.164568
-50.959004,2.165929
-50.957128,2.167607
-50.955357,2.168130
-50.953482,2.169283
-50.951608,2.170435
-50.949733,2.171378
-50.948067,2.171378
-50.946816,2.170855
-50.945878,2.169597
-50.945879,2.168025
-50.946817,2.166872
-50.947025,2.165510
-50.947025,2.164252
-50.946504,2.162680
-50.945151,2.162052
-50.944108,2.161842
-50.942962,2.161738
-50.941713,2.160793
-50.940777,2.160478
-50.939942,2.159850
-50.939422,2.159430
-50.938588,2.158592
-50.937651,2.157963
-50.936922,2.157963
-50.935880,2.158802
-50.935881,2.159640
-50.935567,2.160583
-50.934423,2.160688
-50.933484,2.160479
-50.932235,2.161107
-50.931401,2.161212
-50.930359,2.161212
-50.929318,2.161946
-50.928485,2.162994
-50.927443,2.163832
-50.926818,2.164984
-50.926818,2.166241
-50.926610,2.167498
-50.925985,2.168966
-50.924838,2.170014
-50.923484,2.170434
-50.922338,2.170014
-50.921714,2.169071
-50.921817,2.168232
-50.922339,2.167184
-50.923068,2.166556
-50.923485,2.164879
-50.923380,2.163727
-50.922859,2.162260
-50.922235,2.161107
-50.921403,2.159955
-50.920777,2.158906
-50.920569,2.157230
-50.920986,2.155763
-50.921194,2.154296
-50.920256,2.152933
-50.918381,2.152828
-50.916819,2.152934
-50.914944,2.152828
-50.914006,2.151675
-50.913800,2.151570
-50.913070,2.151465
-50.912757,2.151885
-50.912652,2.152514
-50.912029,2.152304
-50.911194,2.151885
-50.910569,2.152514
-50.910362,2.153352
-50.909112,2.154504
-50.907237,2.154295
-50.905777,2.153980
-50.905257,2.153037
-50.905048,2.152408
-50.904321,2.151886
-50.903071,2.151988
-50.901820,2.152723
-50.900778,2.153038
-50.899632,2.152828
-50.898486,2.153143
-50.897445,2.154818
-50.896090,2.155762
-50.894632,2.156076
-50.894111,2.157124
-50.894111,2.157857
-50.894110,2.158801
-50.893486,2.159743
-50.893382,2.160058
-50.892236,2.160059
-50.891507,2.159534
-50.890674,2.158801
-50.889528,2.159429
-50.889424,2.160266
-50.889423,2.161211
-50.889318,2.161630
-50.887861,2.162572
-50.886819,2.162887
-50.885881,2.162677
-50.885153,2.162258
-50.884216,2.161525
-50.883278,2.160372
-50.881924,2.160161
-50.880674,2.160266
-50.879008,2.160790
-50.877757,2.161210
-50.876924,2.162048
-50.876924,2.163305
-50.877236,2.164457
-50.877861,2.165191
-50.878382,2.166239
-50.878382,2.167288
-50.877964,2.168230
-50.877132,2.168440
-50.876195,2.168231
-50.875570,2.167706
-50.874840,2.166448
-50.873591,2.165924
-50.871821,2.165085
-50.870362,2.164456
-50.868903,2.164666
-50.867028,2.164875
-50.865778,2.165084
-50.863799,2.165608
-50.862342,2.165294
-50.861715,2.164455
-50.861612,2.163721
-50.862028,2.162778
-50.862551,2.162149
-50.864008,2.160892
-50.865675,2.160159
-50.867342,2.159530
-50.868279,2.158797
-50.868280,2.157854
-50.868279,2.155654
-50.867863,2.154291
-50.867550,2.153664
-50.866820,2.152510
-50.866510,2.151567
-50.866196,2.150414
-50.865884,2.149890
-50.864947,2.149786
-50.864323,2.149786
-50.863177,2.150099
-50.862655,2.150938
-50.862446,2.151777
-50.861821,2.152719
-50.860884,2.153348
-50.859530,2.153348
-50.858592,2.153347
-50.857446,2.153662
-50.856405,2.154605
-50.855676,2.155547
-50.853280,2.156805
-50.851719,2.156806
-50.850364,2.156071
-50.849738,2.155023
-50.849323,2.154290
-50.850363,2.152614
-50.851614,2.151670
-50.852864,2.151251
-50.853490,2.150308
-50.853385,2.149469
-50.853281,2.148422
-50.853905,2.147688
-50.855261,2.148108
-50.856196,2.148527
-50.857134,2.148422
-50.857448,2.147480
-50.857343,2.146223
-50.857447,2.145278
-50.857968,2.144231
-50.858594,2.143393
-50.859010,2.142344
-50.858906,2.141715
-50.858280,2.141402
-50.857760,2.141401
-50.856197,2.140773
-50.855470,2.140353
-50.854323,2.139935
-50.853699,2.139935
-50.853177,2.140144
-50.852864,2.140668
-50.852761,2.141296
-50.852240,2.142239
-50.851406,2.142240
-50.850781,2.141925
-50.850156,2.140877
-50.849532,2.139829
-50.848595,2.138991
-50.847657,2.139201
-50.847136,2.140038
-50.846927,2.140772
-50.846824,2.141715
-50.846198,2.142553
-50.845156,2.142658
-50.844115,2.142134
-50.843594,2.141505
-50.842032,2.140037
-50.840678,2.139199
-50.840054,2.139305
-50.839429,2.139933
-50.839116,2.140562
-50.838283,2.141399
-50.837658,2.142342
-50.837763,2.143076
-50.838490,2.143600
-50.839323,2.144228
-50.840469,2.145173
-50.840573,2.146430
-50.840574,2.147478
-50.839948,2.148840
-50.839010,2.150307
-50.837969,2.151040
-50.836718,2.151983
-50.835989,2.152926
-50.834739,2.154079
-50.832865,2.154602
-50.831406,2.153764
-50.829685,2.153718
-50.828889,2.153833
-50.827767,2.154259
-50.826955,2.154955
-50.826490,2.155380
-50.826220,2.156347
-50.826336,2.156966
-50.826877,2.157701
-50.827767,2.158707
-50.828154,2.160177
-50.827690,2.161337
-50.827032,2.162652
-50.826993,2.163233
-50.827419,2.163929
-50.828347,2.164896
-50.829314,2.165824
-50.829624,2.166559
-50.829314,2.167255
-50.828192,2.167836
-50.826297,2.168106
-50.825059,2.168029
-50.823280,2.167836
-50.822042,2.168029
-50.820031,2.169035
-50.818445,2.170543
-50.816781,2.171046
-50.815428,2.171046
-50.814074,2.170543
-50.812449,2.170311
-50.811676,2.170427
-50.811057,2.170930
-50.810902,2.171472
-50.810979,2.172052
-50.811598,2.172593
-50.812991,2.173212
-50.814190,2.174063
-50.814770,2.174992
-50.814770,2.176113
-50.813842,2.176810
-50.812875,2.177119
-50.811676,2.176964
-50.809664,2.176384
-50.806724,2.175069
-50.805061,2.174450
-50.803707,2.174411
-50.802508,2.174876
-50.800884,2.175649
-50.800497,2.175997
-50.799646,2.176191
-50.798872,2.176152
-50.797789,2.175920
-50.796590,2.175069
-50.795855,2.173406
-50.795159,2.171704
-50.794385,2.170659
-50.792993,2.169731
-50.791291,2.169460
-50.788939,2.169681
-50.787472,2.169681
-50.786371,2.168948
-50.785882,2.167358
-50.785516,2.165525
-50.784904,2.163324
-50.784904,2.162591
-50.783926,2.160879
-50.781481,2.160146
-50.778181,2.159045
-50.775858,2.155745
-50.775369,2.153055
-50.775491,2.150732
-50.775491,2.148410
-50.774146,2.146820
-50.772068,2.145842
-50.768890,2.144253
-50.767056,2.142175
-50.761799,2.135451
-50.758865,2.132272
-50.756053,2.130316
-50.752386,2.126771
-50.748107,2.119803
-50.744928,2.115524
-50.741947,2.118228
-50.740888,2.119405
-50.737822,2.124720
-50.736357,2.129950
-50.736148,2.137482
-50.734684,2.143130
-50.731336,2.145850
-50.727152,2.146059
-50.723596,2.143967
-50.721294,2.141248
-50.716692,2.136227
-50.713344,2.135180
-50.708742,2.134762
-50.704348,2.136436
-50.696608,2.140201
-50.689285,2.142294
-50.686566,2.142712
-50.682809,2.144123
-50.681867,2.133403
-50.680423,2.133301
-50.674799,2.130943
-50.670963,2.129142
-50.663017,2.124507
-50.656595,2.119951
-50.646430,2.114729
-50.644504,2.113396
-50.643745,2.113231
-50.643082,2.113429
-50.642525,2.112946
-50.642651,2.112190
-50.642609,2.111012
-50.636443,2.105411
