-43.4565544270000,-2.9840200230000
-43.4745178080000,-2.9812838199999
-43.4746907870000,-2.9814083649999
-43.4754001740000,-2.9819565280000
-43.4762707859999,-2.9822467320000
-43.4774960920000,-2.9822789770000
-43.4783344589999,-2.9829561189999
-43.4795597650000,-2.9837299970000
-43.4803336429999,-2.9844716289999
-43.4804626219999,-2.9854712209999
-43.4808818060000,-2.9865353019999
-43.4818491519999,-2.9873736690000
-43.4833969070000,-2.9879218319999
-43.4847834370000,-2.9883732609999
-43.4875452040000,-2.9892724420000
-43.4886672410000,-2.9914397630000
-43.4904860160000,-2.9938733360000
-43.4909727300000,-2.9954103290000
-43.4911264300000,-2.9977926679999
-43.4935207990000,-3.0003717000000
-43.4975314000000,-3.0080171420000
-43.4983792230000,-3.0098333239999
-43.4991373980000,-3.0122667859999
-43.5003855529999,-3.0145705950000
-43.5006616850000,-3.0149439990000
-43.5009215480000,-3.0163481640000
-43.5017937740000,-3.0173152500000
-43.5025348640000,-3.0174263759999
-43.5028842340000,-3.0172073560000
-43.5034537459999,-3.0165510689999
-43.5042387899999,-3.0160257959999
-43.5060324369999,-3.0157627209999
-43.5072972110000,-3.0156760429999
-43.5108350300000,-3.0156136759999
-43.5133238019999,-3.0164921130000
-43.5158097839999,-3.0165442429999
-43.5186488290000,-3.0164600850000
-43.5199593390000,-3.0169457439999
-43.5213970810000,-3.0172983089999
-43.5231017620000,-3.0168395599999
-43.5248933180000,-3.0153044899999
-43.5263789200000,-3.0144291459999
-43.5298744149999,-3.0131601660000
-43.5310972199999,-3.0128542340000
-43.5316660949999,-3.0118883200000
-43.5320620749999,-3.0102874500000
-43.5329369170000,-3.0087498220000
-43.5340734160000,-3.0077839369999
-43.5373034820000,-3.0072612729999
-43.5424607269999,-3.0046549149999
-43.5458674079999,-3.0039123610000
-43.5460870429999,-3.0039918259999
-43.5472219929999,-3.0044001720000
-43.5483980399999,-3.0055863580000
-43.5483094840000,-3.0071235149999
-43.5493530099999,-3.0093661129999
-43.5489145679999,-3.0113625160000
-43.5490850309999,-3.0150485689999
-43.5490807830000,-3.0178185280000
-43.5510825020000,-3.0216242900000
-43.5526099980000,-3.0232088480000
-43.5547907860000,-3.0243094919999
-43.5568861430000,-3.0262437350000
-43.5588479980000,-3.0267276379999
-43.5712681589999,-3.0381337879999
-43.5851181519999,-3.0003716680000
-43.5985233270000,-2.9638223470000
-43.5988678749999,-2.9630577619999
-43.6144550480000,-2.9285107200000
-43.6209988450000,-2.9139995649999
-43.6332529800000,-2.8868221470000
-43.6408812800000,-2.8699013940000
-43.7124722390000,-2.7109231929999
-43.7454800610000,-2.6375269800000
-43.7442421389999,-2.6360936560000
-43.7407395520000,-2.6345925469999
-43.7386880360000,-2.6343423619999
-43.7371368899999,-2.6346926209999
-43.7357858920000,-2.6346926209999
-43.7325334889999,-2.6341422149999
-43.7310824170000,-2.6331915119999
-43.7301317150000,-2.6326411059999
-43.7292810869999,-2.6314402180000
-43.7284304579999,-2.6308397750000
-43.7276799040000,-2.6302893680000
-43.7276799040000,-2.6289884069999
-43.7276298670000,-2.6285881109999
-43.7258285359999,-2.6272871500000
-43.7243774640000,-2.6261362999999
-43.7230264660000,-2.6245351169999
-43.7216754679999,-2.6233842669999
-43.7202744330000,-2.6214828619999
-43.7192736929999,-2.6201318640000
-43.7182229169999,-2.6188809399999
-43.7175224000000,-2.6182304600000
-43.7156209949999,-2.6182304600000
-43.7136195159999,-2.6182304600000
-43.7119182599999,-2.6180303120000
-43.7104171509999,-2.6180803490000
-43.7092162630000,-2.6173297939999
-43.7087158940000,-2.6161289070000
-43.7080654130000,-2.6151782050000
-43.7058137499999,-2.6135770220000
-43.7043126409999,-2.6130766520000
-43.7029116059999,-2.6131266890000
-43.7016106450000,-2.6132767999999
-43.7007600159999,-2.6125262450000
-43.6997592769999,-2.6115255060000
-43.6996091660000,-2.6106748779999
-43.6983082049999,-2.6098242489999
-43.6971573549999,-2.6092738429999
-43.6955061350000,-2.6080229189999
-43.6950057650000,-2.6070722159999
-43.6935046560000,-2.6059213660000
-43.6923037690000,-2.6052708849999
-43.6906025119999,-2.6038698500000
-43.6899019950000,-2.6029191480000
-43.6898019210000,-2.6022686680000
-43.6900521059999,-2.6011678539999
-43.6900521059999,-2.6001671150000
-43.6891014029999,-2.5985659319999
-43.6882007380000,-2.5979154519999
-43.6872500360000,-2.5970648229999
-43.6867997030000,-2.5960140469999
-43.6867496660000,-2.5949132339999
-43.6869498139999,-2.5934621620000
-43.6880005899999,-2.5914106459999
-43.6882007380000,-2.5905600180000
-43.6883508490000,-2.5894592040000
-43.6879005160000,-2.5882583169999
-43.6869498139999,-2.5879080579999
-43.6867997030000,-2.5872075409999
-43.6866495920000,-2.5862068019999
-43.6858990379999,-2.5853561730000
-43.6851985200000,-2.5847557299999
-43.6850984460000,-2.5838550640000
-43.6846481130000,-2.5826041399999
-43.6841477440000,-2.5816534379999
-43.6836974110000,-2.5800522549999
-43.6835973370000,-2.5790515159999
-43.6837474480000,-2.5780007389999
-43.6830469299999,-2.5768999260000
-43.6823464129999,-2.5756990390000
-43.6828968199999,-2.5746983000000
-43.6834405499999,-2.5735967530000
-43.6840981500000,-2.5727336519999
-43.6853722509999,-2.5715417520000
-43.6857421509999,-2.5703087510000
-43.6863997519999,-2.5694045499999
-43.6870573520000,-2.5689524499999
-43.6879615530000,-2.5684181490000
-43.6889479540000,-2.5678838489999
-43.6896055540000,-2.5677194490000
-43.6900987540000,-2.5676783490000
-43.6908796549999,-2.5673495490000
-43.6916194550000,-2.5671440490000
-43.6920715560000,-2.5671851489999
-43.6928842920000,-2.5678395329999
-43.6932298890000,-2.5678521799999
-43.6934223420000,-2.5676010449999
-43.6934781309999,-2.5673406960000
-43.6934967280000,-2.5670431529999
-43.6931805890000,-2.5666154360000
-43.6931433960000,-2.5664108760000
-43.6930876069999,-2.5660389480000
-43.6929946250000,-2.5657414049999
-43.6932177820000,-2.5654624590000
-43.6936640950000,-2.5652578990000
-43.6940732159999,-2.5652578990000
-43.6945567220000,-2.5652764950000
-43.6948170720000,-2.5654252660000
-43.6953005789999,-2.5654438629999
-43.6958770670000,-2.5654252660000
-43.6964535559999,-2.5650905309999
-43.6967325020000,-2.5647929890000
-43.6971974120000,-2.5646070249999
-43.6976065320000,-2.5645140430000
-43.6979598640000,-2.5645326389999
-43.6983131960000,-2.5649789530000
-43.6983689849999,-2.5656484230000
-43.6984991600000,-2.5665596470000
-43.6986107380000,-2.5671733280000
-43.6989586820000,-2.5675002429999
-43.6994103840000,-2.5676382380000
-43.6996893300000,-2.5675638530000
-43.6998963939999,-2.5674603209999
-43.7002100289999,-2.5673035030000
-43.7004889750000,-2.5671175390000
-43.7008423060000,-2.5668385929999
-43.7010468669999,-2.5663922790000
-43.7011398490000,-2.5658529830000
-43.7011398490000,-2.5653136880000
-43.7010096740000,-2.5647929890000
-43.7005261680000,-2.5637701859999
-43.7001914319999,-2.5631565049999
-43.7000984500000,-2.5627473840000
-43.7001356430000,-2.5622266849999
-43.7003773960000,-2.5617245819999
-43.7009166920000,-2.5613154609999
-43.7015675659999,-2.5613340579999
-43.7021440550000,-2.5614270400000
-43.7026647540000,-2.5619849320000
-43.7029994890000,-2.5626358060000
-43.7032040500000,-2.5638817650000
-43.7033156280000,-2.5652764950000
-43.7034643990000,-2.5656856159999
-43.7039107130000,-2.5663736829999
-43.7043756230000,-2.5666712249999
-43.7048591289999,-2.5666712249999
-43.7053612320000,-2.5666526290000
-43.7056773710000,-2.5664666649999
-43.7062724560000,-2.5660947370000
-43.7066257879999,-2.5655554410000
-43.7068489439999,-2.5648301809999
-43.7068675410000,-2.5641049220000
-43.7069419260000,-2.5633982580000
-43.7066629800000,-2.5614270400000
-43.7066113729999,-2.5609714779999
-43.7065575459999,-2.5602044320000
-43.7064398240000,-2.5596603819999
-43.7060936260000,-2.5592876379999
-43.7041606470000,-2.5587306780000
-43.7024897660000,-2.5579443810000
-43.7016707069999,-2.5571580840000
-43.7004912620000,-2.5549302439999
-43.6995083909999,-2.5522764920000
-43.6995083909999,-2.5491968300000
-43.7000653520000,-2.5472638510000
-43.7015724199999,-2.5456257329999
-43.7030794889999,-2.5440203769999
-43.7044555080000,-2.5428409319999
-43.7057660030000,-2.5412355760000
-43.7067161109999,-2.5401544179999
-43.7074368830000,-2.5385490620000
-43.7075154750000,-2.5379465230000
-43.7075429550000,-2.5377358449999
-43.7077317439999,-2.5362884589999
-43.7073385959999,-2.5342899550000
-43.7058315269999,-2.5321276389999
-43.7039640730000,-2.5301618980000
-43.7020638559999,-2.5291790269999
-43.7038863490000,-2.5287489519999
-43.7041668610000,-2.5284019360000
-43.7043834070000,-2.5281340519999
-43.7046849389999,-2.5278325209999
-43.7053310780000,-2.5276171410000
-43.7063649000000,-2.5276171410000
-43.7077433300000,-2.5279186729999
-43.7092509870000,-2.5281340519999
-43.7105001890000,-2.5280909770000
-43.7114047830000,-2.5279617489999
-43.7124386049999,-2.5268848510000
-43.7127832130000,-2.5256356490000
-43.7125247570000,-2.5240418389999
-43.7117924670000,-2.5223188020000
-43.7105432650000,-2.5203803859999
-43.7086479239999,-2.5195619429999
-43.7058910649999,-2.5190450320000
-43.7047710909999,-2.5190019560000
-43.7032634330000,-2.5191742599999
-43.7013250169999,-2.5207249929999
-43.6996881310000,-2.5218449669999
-43.6982235500000,-2.5226203339999
-43.6971035760000,-2.5228357139999
-43.6960336540000,-2.5230062140000
-43.6951651589999,-2.5228357139999
-43.6939142980000,-2.5222526649999
-43.6928781679999,-2.5213892240000
-43.6924512149999,-2.5203022090000
-43.6903214490000,-2.5212040439999
-43.6889083660000,-2.5226478470000
-43.6830287619999,-2.5239679479999
-43.6817531519999,-2.5234741639999
-43.6808890290000,-2.5223631489999
-43.6807244340000,-2.5212109849999
-43.6806421360000,-2.5203468619999
-43.6805186900000,-2.5183717230000
-43.6810947719999,-2.5175075999999
-43.6812593669999,-2.5161085440000
-43.6812593669999,-2.5147506370000
-43.6811359210000,-2.5137219190000
-43.6797780130000,-2.5118702270000
-43.6777617260000,-2.5084548840000
-43.6771033470000,-2.5066443400000
-43.6765684140000,-2.5047103510000
-43.6750459110000,-2.5033112949999
-43.6736057059999,-2.5016653459999
-43.6711779320000,-2.4972624339999
-43.6701080660000,-2.4954518900000
-43.6685444150000,-2.4933944549999
-43.6664207549999,-2.4906307400000
-43.6653759640000,-2.4893448430000
-43.6645722780000,-2.4882196829999
-43.6628041690000,-2.4870945219999
-43.6600716380000,-2.4855675190000
-43.6579016859999,-2.4845227279999
-43.6561335769999,-2.4834779359999
-43.6542851000000,-2.4829153560000
-43.6517936740000,-2.4824331450000
-43.6502666709999,-2.4824331450000
-43.7478285609999,-2.4439299539999
-43.7491394560000,-2.4429001640000
-43.7504314949999,-2.4425383939999
-43.7522920310000,-2.4423316670000
-43.7542042480000,-2.4415564440000
-43.7557030130000,-2.4409362659999
-43.7564254810000,-2.4402137980000
-43.7572017780000,-2.4394375009999
-43.7580286830000,-2.4386622769999
-43.7595791290000,-2.4361298819999
-43.7601993080000,-2.4351479319999
-43.7604060340000,-2.4328222629999
-43.7597858550000,-2.4297730509999
-43.7592690399999,-2.4276541080000
-43.7591656769999,-2.4263103869999
-43.7591656769999,-2.4253284380000
-43.7596308110000,-2.4241914440000
-43.7604060340000,-2.4238296729999
-43.7611146990000,-2.4229529770000
-43.7618014360000,-2.4219174560000
-43.7611812570000,-2.4211422330000
-43.7608194859999,-2.4201602830000
-43.7604060340000,-2.4192816970000
-43.7604060340000,-2.4186615180000
-43.7608194859999,-2.4182480659999
-43.7610765598576,-2.4178840001274
-43.7594513291267,-2.4169890476414
-43.7604897620000,-2.4145369930000
-43.7589178269999,-2.4092521580000
-43.7498490720000,-2.4028161809999
-43.7470208569999,-2.3992367509999
-43.7445732460000,-2.3966656030000
-43.7376172060000,-2.3948368389999
-43.7300711110000,-2.3893390300000
-43.7268003210000,-2.3864683660000
-43.7251592780000,-2.3793343359999
-43.7251768460000,-2.3679924350000
-43.7281177120000,-2.3604774540000
-43.7318219200000,-2.3562787640000
-43.7355297629999,-2.3542475670000
-43.7395940439999,-2.3503498400000
-43.7366900460000,-2.3480678330000
-43.7347018209999,-2.3441856630000
-43.7273220979999,-2.3346535219999
-43.7224022830000,-2.3271859449999
-43.7211723290000,-2.3244624760000
-43.7204255710000,-2.3201576380000
-43.7203377179999,-2.3169948999999
-43.7203816440000,-2.3156770919999
-43.7199863019999,-2.3148424810000
-43.7213067300000,-2.3124925669999
-43.7225779910000,-2.3102301539999
-43.7225340639999,-2.3096591039999
-43.7222126079999,-2.3077911779999
-43.7217838789999,-2.3067499769999
-43.7217838789999,-2.3057087769999
-43.7214163959999,-2.3042388460000
-43.7195789830000,-2.3016052209999
-43.7191502539999,-2.3006865149999
-43.7184152880000,-2.2999515490000
-43.7174965820000,-2.2994003260000
-43.7180243910000,-2.2962579339999
-43.7186266760000,-2.2951065320000
-43.7187816730000,-2.2946415399999
-43.7189557770000,-2.2935230699999
-43.7204246450000,-2.2867986749999
-43.7203006469999,-2.2862406849999
-43.7198356549999,-2.2857446940000
-43.7191536660000,-2.2853107010000
-43.7182546820000,-2.2850007060000
-43.7167667080000,-2.2845357140000
-43.7159297219999,-2.2845357140000
-43.7150307379999,-2.2842877190000
-43.7138217579999,-2.2839467250000
-43.7119307909999,-2.2825207490000
-43.7078388620000,-2.2807227800000
-43.7037159330000,-2.2781188250000
-43.7021969589999,-2.2767238489999
-43.7011119780000,-2.2756078680000
-43.7003059909999,-2.2750188780000
-43.6992210100000,-2.2746158850000
-43.6986010209999,-2.2744918879999
-43.6982168570000,-2.2738993080000
-43.6978440060000,-2.2733241779999
-43.6963689639999,-2.2733241779999
-43.6951046430000,-2.2731661370000
-43.6928920789999,-2.2731661370000
-43.6870445910000,-2.2714803750000
-43.6837784269999,-2.2705848140000
-43.6806703029999,-2.2704794539999
-43.6758237360000,-2.2691097720000
-43.6722414910000,-2.2672659689999
-43.6685538860000,-2.2663177279999
-43.6648662809999,-2.2654221669999
-43.6611259950000,-2.2643685649999
-43.6590714730000,-2.2634203240000
-43.6574910699999,-2.2627354830000
-43.6550677870000,-2.2614184810000
-43.6518016219999,-2.2602068390000
-43.6499051399999,-2.2589425180000
-43.6473238160000,-2.2569933550000
-43.6434781710000,-2.2552549129999
-43.6408968470000,-2.2539905909999
-43.6374199630000,-2.2532003900000
-43.6353127600000,-2.2527789489999
-43.6336796770000,-2.2518307079999
-43.6314671140000,-2.2517253480000
-43.6300974320000,-2.2516199880000
-43.6236177829999,-2.2513565870000
-43.6203516190000,-2.2513565870000
-43.6180863760000,-2.2514619469999
-43.6127656880000,-2.2515146269999
-43.6115540470000,-2.2516726680000
-43.6106802830000,-2.2514873239999
-43.6098156039999,-2.2513039070000
-43.6093941640000,-2.2507771059999
-43.6085512829999,-2.2511458669999
-43.6071289210000,-2.2518833879999
-43.6054958380000,-2.2526209090000
-43.6014394730000,-2.2542013110000
-43.5988054690000,-2.2545700720000
-43.5979625880000,-2.2553075929999
-43.5976465070000,-2.2568879949999
-43.5974884669999,-2.2590478779999
-43.5982259880000,-2.2613131209999
-43.5996483499999,-2.2629462030000
-43.6005439109999,-2.2641051649999
-43.6010180320000,-2.2651587660000
-43.6009653519999,-2.2666338079999
-43.6005439109999,-2.2694258519999
-43.6001224710000,-2.2707428539999
-43.5938704380000,-2.2718595209999
-43.5920893969999,-2.2719019269999
-43.5910292540000,-2.2724956069999
-43.5891209950000,-2.2732589110000
-43.5883152860000,-2.2743190539999
-43.5881032579999,-2.2778811360000
-43.5871279259999,-2.2793229320000
-43.5861101880000,-2.2832666649999
-43.5854741020000,-2.2843268089999
-43.5852196669999,-2.2855141699999
-43.5843291469999,-2.2875496450000
-43.5840323070000,-2.2880161080000
-43.5831841920000,-2.2901363949999
-43.5831417859999,-2.2909845099999
-43.5830145689999,-2.2920446539999
-43.5830145689999,-2.2927231460000
-43.5834386260000,-2.2932320139999
-43.5842019290000,-2.2937408829999
-43.5851348560000,-2.2935712600000
-43.5858133479999,-2.2929775800000
-43.5864918390000,-2.2922566820000
-43.5870855200000,-2.2913661620000
-43.5878488229999,-2.2909845099999
-43.5889513719999,-2.2908996990000
-43.5897570810000,-2.2908996990000
-43.5912412819999,-2.2914933790000
-43.5920893969999,-2.2917902189999
-43.5921742089999,-2.2923414940000
-43.5923438320000,-2.2929775800000
-43.5945065239999,-2.2932744199999
-43.5976445489999,-2.2936560720000
-43.5999344589999,-2.2935712600000
-43.6026908320000,-2.2934440430000
-43.6052351769999,-2.2925959280000
-43.6070586229999,-2.2911965389999
-43.6079067379999,-2.2904756409999
-43.6079915500000,-2.2900515840000
-43.6090516930000,-2.2892882809999
-43.6095181560000,-2.2892882809999
-43.6103662710000,-2.2884401659999
-43.6107903289999,-2.2878464849999
-43.6113925960000,-2.2859812569999
-43.6112857990000,-2.2854472750000
-43.6106450199999,-2.2853404780000
-43.6123169350000,-2.2841147799999
-43.6238937020000,-2.2865743130000
-43.6229607760000,-2.2870831820000
-43.6206284600000,-2.2880585139999
-43.6191018540000,-2.2885673829999
-43.6182113330000,-2.2889914400000
-43.6165999149999,-2.2900091779999
-43.6151581199999,-2.2908148870000
-43.6145220339999,-2.2916205960000
-43.6146492509999,-2.2922990879999
-43.6150733080000,-2.2925535230000
-43.6158790169999,-2.2929351740000
-43.6175752469999,-2.2931047970000
-43.6198495760000,-2.3091775029999
-43.6194221780000,-2.3110295599999
-43.6197545990000,-2.3121217990000
-43.6220340529999,-2.3144012530000
-43.6233637349999,-2.3188176959999
-43.6233637349999,-2.3200998890000
-43.6234112239999,-2.3215245480000
-43.6236011779999,-2.3243738660000
-43.6236240169999,-2.3248763100000
-43.6236486669999,-2.3254186160000
-43.6228888489999,-2.3260834569999
-43.6234587119999,-2.3266058319999
-43.6245984390000,-2.3268432749999
-43.6253107690000,-2.3278405369999
-43.6254057460000,-2.3288377979999
-43.6256431890000,-2.3308323210000
-43.6264030080000,-2.3325894000000
-43.6264030080000,-2.3339665710000
-43.6264030080000,-2.3357711390000
-43.6266404510000,-2.3401875819999
-43.6264979850000,-2.3454113310000
-43.6265454730000,-2.3472633879999
-43.6268778940000,-2.3484980929999
-43.6285874850000,-2.3509200129999
-43.6285879069999,-2.3522627940000
-43.6285883600000,-2.3537018539999
-43.6281207790000,-2.3552214900000
-43.6280038840000,-2.3585530000000
-43.6293481779999,-2.3632288030000
-43.6309262610000,-2.3676123679999
-43.6324458970000,-2.3715868010000
-43.6338486380000,-2.3755612329999
-43.6339655330000,-2.3766717359999
-43.6341993230000,-2.3781329249999
-43.6346084560000,-2.3797694560000
-43.6358532460000,-2.3827373980000
-43.6362331550000,-2.3855392269999
-43.6362331550000,-2.3881511019999
-43.6373728820000,-2.3900981360000
-43.6387500520000,-2.3915702839999
-43.6403646660000,-2.3925200570000
-43.6412669499999,-2.3933273630000
-43.6426441199999,-2.3941821590000
-43.6436888699999,-2.3949419770000
-43.6444961770000,-2.3959392379999
-43.6443537110000,-2.3968890109999
-43.6441637569999,-2.3990734879999
-43.6444961770000,-2.4013529429999
-43.6447811090000,-2.4019228060000
-43.6456359040000,-2.4027301130000
-43.6472030290000,-2.4030150450000
-43.6480103360000,-2.4031575110000
-43.6493875070000,-2.4031575110000
-43.6508121660000,-2.4031100220000
-43.6522368249999,-2.4026351360000
-43.6531391089999,-2.4023027150000
-43.6592651420000,-2.4021602490000
-43.6616870629999,-2.4023976929999
-43.6627318129999,-2.4021127610000
-43.6641564719999,-2.4016378740000
-43.6646313580000,-2.4009255450000
-43.6695701760000,-2.3998333059999
-43.6707099029999,-2.4000707489999
-43.6726569369999,-2.3995483739999
-43.6737966649999,-2.3996908400000
-43.6747464370000,-2.3996433519999
-43.6760286300000,-2.3994533970000
-43.6770258920000,-2.3988835339999
-43.6784030620000,-2.3986460899999
-43.6798752100000,-2.3982661809999
-43.6810624260000,-2.3978387839999
-43.6837692779999,-2.3983136699999
-43.6850989599999,-2.3980762269999
-43.6881382320000,-2.3991684650000
-43.6879957660000,-2.3998807949999
-43.6882806980000,-2.4023976929999
-43.6883756750000,-2.4040597950000
-43.6894204250000,-2.4053419880000
-43.6916523909999,-2.4079538629999
-43.6931245389999,-2.4092835449999
-43.6949291070000,-2.4097109420000
-43.6967336750000,-2.4093310329999
-43.6995355040000,-2.4098534079999
-43.7009126750000,-2.4113730440000
-43.7014825379999,-2.4121328629999
-43.7037145039999,-2.4140798970000
-43.7046642769999,-2.4153620900000
-43.7051866520000,-2.4164068400000
-43.7059939590000,-2.4210132370000
-43.7071811740000,-2.4229602710000
-43.7081309470000,-2.4246698620000
-43.7100304930000,-2.4269968049999
-43.7106478450000,-2.4276141569999
-43.7116925949999,-2.4277091349999
-43.7127848329999,-2.4273292259999
-43.7138295829999,-2.4269493159999
-43.7149218220000,-2.4258570780000
-43.7163464810000,-2.4252872140000
-43.7174862080000,-2.4251922370000
-43.7202880380000,-2.4241949760000
-43.7211903220000,-2.4238150670000
-43.7217126969999,-2.4229127830000
-43.7229474009999,-2.4225803620000
-43.7247994579999,-2.4225328730000
-43.7254642990000,-2.4227703170000
-43.7265565370000,-2.4234351580000
-43.7297244908436,-2.4243399600135
-43.7322963251938,-2.4258454441496
-43.7341208818563,-2.4272774912928
-43.7352126285878,-2.4280419215693
-43.7371880732258,-2.4294821180000
-43.7387389125069,-2.4307607978166
-43.7398414167939,-2.4320663160011
-43.7412677542230,-2.4353958461044
-43.7437860201157,-2.4399099343540
-43.7454967960397,-2.4422294925689
-43.7478285609999,-2.4439299539999
-43.6502666709999,-2.4824331450000
-43.6477752449999,-2.4848442020000
-43.6467304530000,-2.4865319419999
-43.6466500850000,-2.4878982079999
-43.6467304530000,-2.4891037369999
-43.6461773710000,-2.4912406760000
-43.6447934839999,-2.4965875889999
-43.6430854339999,-2.4977066570000
-43.6396693340000,-2.4993558080000
-43.6370189110000,-2.5006515699999
-43.6337795059999,-2.5030664000000
-43.6317180670000,-2.5048922459999
-43.6300689150000,-2.5067180930000
-43.6228480220000,-2.5068854259999
-43.6207493059999,-2.5058630249999
-43.6202912159999,-2.5057321419999
-43.6197676849999,-2.5059284669999
-43.6193750360000,-2.5060593499999
-43.6187860630000,-2.5061902319999
-43.6185618240000,-2.5060345040000
-43.6184991019999,-2.5058076170000
-43.6181970910000,-2.5054049349999
-43.6177859890000,-2.5054955020000
-43.6174919880000,-2.5057568370000
-43.6171500280000,-2.5061247909999
-43.6119443709999,-2.5059472130000
-43.6120492620000,-2.5053053079999
-43.6117013010000,-2.5043484170000
-43.6115273210000,-2.5034785149999
-43.6115273210000,-2.5016517229999
-43.6111718229999,-2.5006335930000
-43.6107384429999,-2.5002002130000
-43.6100465240000,-2.4999983800000
-43.6091785880000,-2.5005208520000
-43.6078737359999,-2.4999989110000
-43.6070038349999,-2.4994769699999
-43.6062538990000,-2.4984290060000
-43.6058729640000,-2.4970412470000
-43.6056119930000,-2.4944315440000
-43.6056989830000,-2.4928657220000
-43.6050030630000,-2.4918218409999
-43.6027413200000,-2.4881682559999
-43.5987397750000,-2.4840797209999
-43.5943902690000,-2.4791212840000
-43.5920415360000,-2.4762506110000
-43.5914326050000,-2.4742498379999
-43.5892578519999,-2.4696393619999
-43.5872570800000,-2.4648549060000
-43.5841254360000,-2.4616362720000
-43.5819506829999,-2.4592875389999
-43.5797759300000,-2.4573737570000
-43.5793409800000,-2.4560689049999
-43.5768182670000,-2.4553729840000
-43.5754264249999,-2.4565038549999
-43.5747305039999,-2.4579826870000
-43.5730776920000,-2.4612013210000
-43.5695110970000,-2.4668556789999
-43.5689021659999,-2.4717271250000
-43.5696850770000,-2.4738148879999
-43.5721207999999,-2.4791212840000
-43.5760353560000,-2.4826878790000
-43.5779491380000,-2.4847756419999
-43.5799499110000,-2.4848626319999
-43.5813417520000,-2.4860804930000
-43.5842994160000,-2.4872983549999
-43.5857782479999,-2.4873853450000
-43.5880399910000,-2.4873853450000
-43.5898667829999,-2.4884292259999
-43.5916065850000,-2.4908649490000
-43.5929114369999,-2.4925177609999
-43.5933579589999,-2.4936488590000
-43.5948252200000,-2.4958233859999
-43.5971739530000,-2.4978241580000
-43.5989137550000,-2.4996509510000
-43.5988267650000,-2.5005208520000
-43.5986527840000,-2.5019126929999
-43.5988267650000,-2.5027825949999
-43.5980442200000,-2.5040172079999
-43.5972813239999,-2.5052208200000
-43.5931319119999,-2.5053557599999
-43.5882366110000,-2.5055149570000
-43.5875380360000,-2.5055884910000
-43.5828785670000,-2.5060358000000
-43.5783462550000,-2.5064709019999
-43.5777212140000,-2.5050737519999
-43.5770594059999,-2.5043751759999
-43.5767285020000,-2.5033456969999
-43.5765078990000,-2.5013235050000
-43.5761402280000,-2.4994116149999
-43.5754048850000,-2.4978306280000
-43.5739342009999,-2.4969114500000
-43.5732356249999,-2.4962128750000
-43.5711398989999,-2.4952201629999
-43.5689338719999,-2.4941906829999
-43.5673161180000,-2.4929773680000
-43.5657718990000,-2.4916537519999
-43.5647791869999,-2.4905139709999
-43.5644115160000,-2.4894844909999
-43.5638600089999,-2.4888226830000
-43.5629775980000,-2.4875358340000
-43.5618010500000,-2.4862489850000
-43.5614333789999,-2.4856239430000
-43.5606980360000,-2.4843738609999
-43.5599994610000,-2.4831605460000
-43.5593744200000,-2.4819472309999
-43.5584552420000,-2.4807339160000
-43.5572051600000,-2.4792999979999
-43.5568742550000,-2.4784911220000
-43.5566168860000,-2.4777925459999
-43.5565065840000,-2.4770939709999
-43.5564698169999,-2.4766527649999
-43.5562492139999,-2.4759541899999
-43.5555874060000,-2.4747776419999
-43.5553300359999,-2.4735643270000
-43.5552197350000,-2.4728289850000
-43.5551829679999,-2.4719833409999
-43.5546682280000,-2.4716156700000
-43.5529778590000,-2.4698210150000
-43.5510282829999,-2.4672036150000
-43.5511753510000,-2.4657329299999
-43.5518371599999,-2.4639681080000
-43.5529401730000,-2.4619091490000
-43.5535284470000,-2.4604384639999
-43.5541534879999,-2.4598134230000
-43.5541534879999,-2.4575338609999
-43.5544843919999,-2.4547763269999
-43.5545211600000,-2.4522393959999
-43.5544843919999,-2.4490038889999
-43.5541534879999,-2.4473126010000
-43.5536755159999,-2.4448859710000
-43.5519106940000,-2.4426431770000
-43.5478295430000,-2.4397018069999
-43.5461750229999,-2.4375693140000
-43.5446675709999,-2.4355838889999
-43.5429395159999,-2.4334513959999
-43.5625899120000,-2.4244169710000
-43.5635609800000,-2.4245723420000
-43.5647651049999,-2.4246500280000
-43.5659692290000,-2.4249607699999
-43.5669014549999,-2.4255045679999
-43.5695039180000,-2.4257376240000
-43.5737766180000,-2.4255434110000
-43.5746311579999,-2.4253103540000
-43.5754080130000,-2.4249219270000
-43.5758741260000,-2.4247665560000
-43.5770782499999,-2.4244558139999
-43.5783989029999,-2.4244169710000
-43.5792922859999,-2.4242227579999
-43.5810402090000,-2.4236012740000
-43.5821666479999,-2.4229797899999
-43.5831765590000,-2.4224359920000
-43.5851963809999,-2.4207269120000
-43.5859343929999,-2.4202996420000
-43.5870996749999,-2.4196393149999
-43.5891194970000,-2.4175029649999
-43.5897409810000,-2.4166872680000
-43.5901294079999,-2.4161046269999
-43.5898963520000,-2.4155608290000
-43.5888475980000,-2.4147839739999
-43.5881484289999,-2.4138129060000
-43.5882261140000,-2.4128418380000
-43.5879153719999,-2.4123757249999
-43.5873327309999,-2.4117930839999
-43.5864781910000,-2.4119096119999
-43.5854294370000,-2.4122203539999
-43.5848856389999,-2.4124922529999
-43.5838757280000,-2.4127253089999
-43.5834484580000,-2.4131914219999
-43.5834484580000,-2.4138905909999
-43.5830600309999,-2.4138905909999
-43.5830988740000,-2.4131137370000
-43.5839145710000,-2.4123757249999
-43.5845748970000,-2.4119096119999
-43.5853517520000,-2.4115211850000
-43.5861674490000,-2.4114046560000
-43.5867500900000,-2.4113658140000
-43.5874881020000,-2.4113658140000
-43.5883814850000,-2.4118707690000
-43.5887310699999,-2.4125310960000
-43.5888087549999,-2.4133079499999
-43.5894690819999,-2.4144343889999
-43.5898963520000,-2.4147839739999
-43.5902847789999,-2.4150947159999
-43.5905955210000,-2.4153277720000
-43.5911004760000,-2.4154442999999
-43.5915277459999,-2.4154442999999
-43.5921880729999,-2.4150947159999
-43.5931591409999,-2.4146286029999
-43.5939359960000,-2.4140459619999
-43.5945963220000,-2.4136963779999
-43.5953194219999,-2.4138527240000
-43.5960335029999,-2.4140071190000
-43.5971599420000,-2.4141236479999
-43.5981310110000,-2.4139294340000
-43.5988690220000,-2.4135798490000
-43.5998789330000,-2.4131914219999
-43.6001508329999,-2.4126087810000
-43.6004615740000,-2.4124145669999
-43.6007334740000,-2.4110939150000
-43.6005004170000,-2.4086079799999
-43.6003838889999,-2.4081030240000
-43.6000731469999,-2.4076369119999
-43.5994905059999,-2.4074426979999
-43.5994905059999,-2.4066658429999
-43.5996070340000,-2.4052675049999
-43.6006169450000,-2.4036749530000
-43.6011607440000,-2.4028204130000
-43.6019375979999,-2.4024319860000
-43.6034913070000,-2.4006063770000
-43.6041516339999,-2.3981204419999
-43.6046565889999,-2.3972270600000
-43.6059772419999,-2.3947799680000
-43.6067540970000,-2.3941584839999
-43.6083078060000,-2.3916725490000
-43.6089525159999,-2.3906013490000
-43.6094198919999,-2.3844421730000
-43.6130808560000,-2.3817919500000
-43.6128796780000,-2.3784922699999
-43.6108876389999,-2.3760153850000
-43.6078632940000,-2.3737435059999
-43.6066604400000,-2.3716105060000
-43.6042544470000,-2.3702327650000
-43.6010918699999,-2.3684415819999
-43.5993235690000,-2.3675818110000
-43.5977320310000,-2.3659902720000
-43.5961404920000,-2.3648960890000
-43.5935542420000,-2.3641003200000
-43.5901722220000,-2.3641003200000
-43.5861436399999,-2.3633542860000
-43.5822145289999,-2.3613648630000
-43.5770917639999,-2.3594251750000
-43.5750028699999,-2.3591267620000
-43.5714219079999,-2.3584304640000
-43.5698303700000,-2.3584801989999
-43.5687361870000,-2.3588283480000
-43.5669457060000,-2.3589775550000
-43.5657520519999,-2.3589775550000
-43.5636134219999,-2.3576346940000
-43.5620716189999,-2.3563415689999
-43.5608282290000,-2.3553965930000
-43.5586398640000,-2.3552971220000
-43.5562525559999,-2.3553468580000
-43.5536663060000,-2.3559436849999
-43.5515276760000,-2.3569881320000
-43.5492398389999,-2.3578833720000
-43.5472504159999,-2.3588780840000
-43.5462059680000,-2.3590272910000
-43.5442662810000,-2.3587786130000
-43.5430228910000,-2.3585299350000
-43.5422271220000,-2.3580325789999
-43.5415805590000,-2.3573860169999
-43.5407847900000,-2.3566897179999
-43.5403371699999,-2.3566399830000
-43.5398398139999,-2.3573362810000
-43.5398398139999,-2.3584304640000
-43.5402376989999,-2.3589775550000
-43.5398398139999,-2.3633542860000
-43.5395911360000,-2.3676315459999
-43.5400387559999,-2.3720580130000
-43.5412324100000,-2.3785733739999
-43.5412821460000,-2.3795680860000
-43.5413816170000,-2.3812590950000
-43.5418789729999,-2.3825024850000
-43.5425752710000,-2.3849395290000
-43.5426747420000,-2.3858347689999
-43.5431223620000,-2.3869786869999
-43.5436197179999,-2.3881226060000
-43.5451457160000,-2.3913701059999
-43.5455044690000,-2.3940863789999
-43.5455557189999,-2.3950601380000
-43.5462219750000,-2.3954701410000
-43.5469907320000,-2.3950088870000
-43.5478107389999,-2.3940351290000
-43.5484257440000,-2.3933176230000
-43.5492457509999,-2.3928563690000
-43.5503220109999,-2.3925488660000
-43.5521670269999,-2.3920876119999
-43.5532945360000,-2.3917801090000
-43.5539095420000,-2.3917801090000
-43.5547295489999,-2.3918826099999
-43.5552420530000,-2.3924463650000
-43.5560108100000,-2.3930613699999
-43.5566258150000,-2.3937276259999
-43.5569845680000,-2.3937276259999
-43.5575483229999,-2.3934713739999
-43.5580608270000,-2.3927026169999
-43.5591883370000,-2.3911651039999
-43.5595983410000,-2.3903963470000
-43.5599058430000,-2.3897300920000
-43.5591370870000,-2.3887050829999
-43.5586245819999,-2.3881413280000
-43.5579070759999,-2.3872188199999
-43.5572408199999,-2.3866038149999
-43.5575995729999,-2.3865525639999
-43.5585733320000,-2.3869625679999
-43.5589833349999,-2.3875263230000
-43.5604183480000,-2.3889100850000
-43.5607258500000,-2.3895250900000
-43.5604695979999,-2.3903963470000
-43.5591370870000,-2.3927538679999
-43.5584195800000,-2.3935226240000
-43.5577020740000,-2.3939838780000
-43.5569845680000,-2.3943426320000
-43.5553958039999,-2.3935738750000
-43.5547807990000,-2.3931638710000
-43.5541145430000,-2.3927538679999
-43.5529870340000,-2.3927538679999
-43.5516032720000,-2.3928563690000
-43.5504757620000,-2.3932663720000
-43.5493482520000,-2.3936763760000
-43.5483744940000,-2.3947526350000
-43.5476569880000,-2.3954188910000
-43.5476057370000,-2.3961363970000
-43.5484257440000,-2.3960851469999
-43.5495020040000,-2.3953676400000
-43.5506295129999,-2.3947013850000
-43.5513470189999,-2.3947013850000
-43.5522182770000,-2.3947526350000
-43.5532432859999,-2.3947526350000
-43.5538070410000,-2.3951626390000
-43.5543707959999,-2.3955726419999
-43.5547807990000,-2.3958288940000
-43.5553958039999,-2.3957263930000
-43.5560811480000,-2.3954315339999
-43.5568215350000,-2.3953469180000
-43.5573715369999,-2.3954103799999
-43.5579638460000,-2.3961507669999
-43.5588734639999,-2.3972084620000
-43.5593811580000,-2.3976103869999
-43.5599523139999,-2.3977584639999
-43.5607350090000,-2.3977161559999
-43.5616869350000,-2.3973776939999
-43.5623427060000,-2.3969334619999
-43.5640561730000,-2.3957276889999
-43.5646907910000,-2.3951988410000
-43.5652196380000,-2.3949026860000
-43.5659600250000,-2.3947969160000
-43.5668273360000,-2.3948603780000
-43.5681600320000,-2.3956853810000
-43.5687100339999,-2.3960873050000
-43.5688369570000,-2.3965315369999
-43.5684984950000,-2.3968065380000
-43.5678850309999,-2.3964469219999
-43.5670388750000,-2.3956642269999
-43.5664465650000,-2.3954315339999
-43.5659177169999,-2.3954103799999
-43.5650715610000,-2.3958757660000
-43.5640773269999,-2.3964257680000
-43.5630196310000,-2.3974623089999
-43.5621734750000,-2.3979488489999
-43.5611157790000,-2.3982450039999
-43.5597196209999,-2.3983507739999
-43.5588946180000,-2.3982661580000
-43.5582388470000,-2.3976526950000
-43.5576042300000,-2.3968065380000
-43.5572657669999,-2.3963199980000
-43.5568215350000,-2.3959815360000
-43.5562715330000,-2.3960026889999
-43.5558907630000,-2.3962353819999
-43.5553196069999,-2.3965315369999
-43.5546849899999,-2.3965949989999
-43.5539657570000,-2.3961930749999
-43.5532888310000,-2.3956853810000
-43.5527388300000,-2.3953046099999
-43.5521465200000,-2.3952411490000
-43.5514907490000,-2.3952411490000
-43.5510465170000,-2.3954949960000
-43.5503061300000,-2.3958546119999
-43.5496292050000,-2.3963411519999
-43.5490792030000,-2.3966373069999
-43.5488888180000,-2.3969757689999
-43.5483599700000,-2.3973988480000
-43.5494811270000,-2.3993450079999
-43.5513849790000,-2.4018834770000
-43.5525695979999,-2.4041257920000
-43.5528657529999,-2.4052046419999
-43.5542619110000,-2.4061777219999
-43.5550446060000,-2.4064738759999
-43.5557215310000,-2.4066219540000
-43.5563561490000,-2.4063257989999
-43.5568426890000,-2.4059027210000
-43.5572234589999,-2.4054584890000
-43.5577523069999,-2.4047392549999
-43.5582388470000,-2.4044219470000
-43.5591907730000,-2.4043373310000
-43.5611580870000,-2.4045700240000
-43.5618138579999,-2.4047181020000
-43.5623850140000,-2.4048238710000
-43.5634850169999,-2.4048027169999
-43.5640984810000,-2.4045700240000
-43.5645215590000,-2.4042738690000
-43.5648388680000,-2.4038930990000
-43.5653465619999,-2.4034277129999
-43.5659177169999,-2.4033219430000
-43.5666369500000,-2.4033219430000
-43.5666157969999,-2.4038296369999
-43.5659388710000,-2.4040411760000
-43.5650292530000,-2.4048027169999
-43.5642465580000,-2.4052681030000
-43.5630619390000,-2.4055219500000
-43.5607350090000,-2.4052892569999
-43.5592753889999,-2.4050354099999
-43.5586407709999,-2.4050565639999
-43.5583869239999,-2.4053738730000
-43.5577734610000,-2.4066219540000
-43.5569907660000,-2.4071508019999
-43.5564196110000,-2.4074258020000
-43.5558907630000,-2.4074258020000
-43.5555311460000,-2.4075738800000
-43.5552561449999,-2.4078700350000
-43.5550657599999,-2.4084623439999
-43.5550657599999,-2.4093085009999
-43.5553407610000,-2.4098161950000
-43.5557426850000,-2.4100277339999
-43.5563773030000,-2.4100277339999
-43.5572408949999,-2.4111437270000
-43.5578089930000,-2.4115568889999
-43.5585320270000,-2.4111953720000
-43.5588935439999,-2.4111953720000
-43.5597198689999,-2.4111437270000
-43.5600813860000,-2.4107305639999
-43.5607011289999,-2.4104206920000
-43.5611659369999,-2.4103174020000
-43.5618373259999,-2.4103174020000
-43.5621471979999,-2.4105756279999
-43.5621988430000,-2.4112470169999
-43.5621471979999,-2.4119184059999
-43.5617856809999,-2.4124348590000
-43.5617856809999,-2.4129513120000
-43.5627669409999,-2.4134161200000
-43.5633866850000,-2.4141391539999
-43.5641613640000,-2.4145006709999
-43.5646778170000,-2.4147588970000
-43.5650909800000,-2.4148105419999
-43.5655041420000,-2.4146556069999
-43.5653492060000,-2.4139842179999
-43.5658656589999,-2.4142424440000
-43.5661238850000,-2.4145523160000
-43.5652459149999,-2.4153786410000
-43.5641613640000,-2.4152237050000
-43.5623537790000,-2.4141907989999
-43.5610626470000,-2.4131578929999
-43.5609593560000,-2.4125381499999
-43.5611142920000,-2.4119700510000
-43.5615194059999,-2.4114644740000
-43.5615691249999,-2.4110170060000
-43.5612459530000,-2.4109672869999
-43.5608233440000,-2.4111164430000
-43.5599035480000,-2.4117876459999
-43.5594063610000,-2.4119616610000
-43.5586605810000,-2.4120610990000
-43.5580142379999,-2.4125334259999
-43.5573430360000,-2.4135775189999
-43.5573430360000,-2.4141990030000
-43.5576164880000,-2.4148702049999
-43.5588097369999,-2.4167346560000
-43.5590831900000,-2.4177538889999
-43.5591080490000,-2.4184996700000
-43.5588843149999,-2.4194443250000
-43.5580142379999,-2.4199912309999
-43.5585502680000,-2.4208434399999
-43.5590940659999,-2.4216202950000
-43.5607254609999,-2.4231351610000
-43.5625899120000,-2.4244169710000
-43.5429395159999,-2.4334513959999
-43.5413585300000,-2.4299217519999
-43.5408070230000,-2.4280833960000
-43.5403658170000,-2.4263553410000
-43.5391892690000,-2.4243331490000
-43.5366523380000,-2.4221638889999
-43.5349978170000,-2.4208770399999
-43.5319829130000,-2.4193695879999
-43.5298136530000,-2.4188548480000
-43.5284900359999,-2.4186342450000
-43.5274605570000,-2.4184136420000
-43.5259484521465,-2.4186211859457
-43.5255854339999,-2.4186710120000
-43.5257494150000,-2.4054625759999
-43.5265291040000,-2.4051790529999
-43.5274505550000,-2.4047537680000
-43.5294352189999,-2.4051790529999
-43.5305693129999,-2.4058878609999
-43.5349639249999,-2.4068801929999
-43.5358853760000,-2.4065257889999
-43.5368777080000,-2.4053208139999
-43.5368777080000,-2.4041158400000
-43.5354600909999,-2.4014223679999
-43.5341842359999,-2.3986580150000
-43.5334754270000,-2.3966024700000
-43.5329792610000,-2.3932001900000
-43.5324830950000,-2.3912155259999
-43.5314198830000,-2.3878841269999
-43.5305693129999,-2.3850488930000
-43.5302149079999,-2.3817883739999
-43.5297187419999,-2.3791657830000
-43.5286555300000,-2.3765431909999
-43.5283011260000,-2.3746294090000
-43.5281593640000,-2.3724321020000
-43.5275923170000,-2.3698803920000
-43.5275923170000,-2.3676830859999
-43.5272379130000,-2.3659110650000
-43.5265999850000,-2.3649896140000
-43.5256785340000,-2.3641390440000
-43.5240482750000,-2.3635719970000
-43.5227724200000,-2.3636428780000
-43.5211421600000,-2.3637137580000
-43.5195827819999,-2.3644934480000
-43.5183778070000,-2.3666907539999
-43.5180942840000,-2.3683918940000
-43.5171728330000,-2.3717941749999
-43.5143375989999,-2.3751964550000
-43.5130617440000,-2.3766849529999
-43.5116441270000,-2.3775355229999
-43.5110061990000,-2.3774646419999
-43.5097303439999,-2.3779608079999
-43.5088088930000,-2.3793075440000
-43.5080292040000,-2.3802998760000
-43.5068951100000,-2.3810086849999
-43.5060445399999,-2.3837730380000
-43.5055483739999,-2.3866082709999
-43.5038472340000,-2.3907902409999
-43.5032897830000,-2.3979322329999
-43.5037054720000,-2.4030526270000
-43.5039060459999,-2.4041688089999
-43.5045815020000,-2.4054671709999
-43.5056192549999,-2.4059587419999
-43.5083127270000,-2.4066675500000
-43.5099429869999,-2.4065966699999
-43.5117942049999,-2.4066831599999
-43.5136922930000,-2.4070282659999
-43.5161805010000,-2.4068801929999
-43.5174670470000,-2.4063208250000
-43.5181814759999,-2.4061078330000
-43.5203725780000,-2.4059682950000
-43.5231977050000,-2.4053916949999
-43.5257494150000,-2.4054625759999
-43.5255854339999,-2.4186710120000
-43.5235264750000,-2.4194063550000
-43.5220190230000,-2.4201049300000
-43.5215042830000,-2.4205093680000
-43.5210797110000,-2.4210799820000
-43.5200703650000,-2.4217594510000
-43.5192614890000,-2.4222741899999
-43.5179746389999,-2.4225683270000
-43.5170554610000,-2.4232669030000
-43.5161362830000,-2.4238184100000
-43.5157686119999,-2.4252155600000
-43.5152906389999,-2.4266127110000
-43.5149597349999,-2.4280466289999
-43.5142289889999,-2.4305157709999
-43.5134247079999,-2.4334456509999
-43.5133672589999,-2.4343648289999
-43.5133672589999,-2.4356861470000
-43.5131949129999,-2.4364904280000
-43.5119884919999,-2.4371798119999
-43.5111267629999,-2.4398798970000
-43.5111842109999,-2.4416033560000
-43.5125629779999,-2.4431544690000
-43.5135352210000,-2.4443693030000
-43.5147006420000,-2.4447870960000
-43.5159979969999,-2.4454247789999
-43.5171320350000,-2.4466806359999
-43.5176724390000,-2.4475092549999
-43.5178976070000,-2.4481487319999
-43.5182488689999,-2.4486621149999
-43.5191585480000,-2.4489413240000
-43.5192936490000,-2.4491034449999
-43.5192936490000,-2.4493826529999
-43.5192844680000,-2.4504504449999
-43.5192844680000,-2.4511972779999
-43.5192270190000,-2.4521739040000
-43.5196866080000,-2.4532079799999
-43.5200313000000,-2.4537824660000
-43.5205483380000,-2.4547590930000
-43.5209504780000,-2.4553910280000
-43.5208355810000,-2.4564251030000
-43.5199164030000,-2.4587804970000
-43.5181929440000,-2.4613656850000
-43.5170439710000,-2.4632614900000
-43.5164120360000,-2.4646402569999
-43.5157226530000,-2.4653870889999
-43.5145162319999,-2.4659615749999
-43.5139417450000,-2.4659041269999
-43.5134821560000,-2.4652721919999
-43.5120459409999,-2.4653870889999
-43.5112991079999,-2.4657892299999
-43.5106671729999,-2.4673977909999
-43.5103224819999,-2.4690638010000
-43.5099203409999,-2.4704425689999
-43.5096493899999,-2.4726431170000
-43.5092383200000,-2.4741655299999
-43.5079808799999,-2.4750428139999
-43.5056122129999,-2.4758031270000
-43.5045302290000,-2.4767681399999
-43.5028341459999,-2.4782595230000
-43.5024832320000,-2.4792245350000
-43.5018106479999,-2.4804234900000
-43.5015474630000,-2.4822657870000
-43.5014012490000,-2.4828798860000
-43.5010503349999,-2.4835232280000
-43.5011088209999,-2.4844297540000
-43.5008163930000,-2.4854240100000
-43.5003853838781,-2.4860951018848
-43.4997018990181,-2.4854489163785
-43.4940210330000,-2.4798507749999
-43.4917618620000,-2.4797098160000
-43.4891585899999,-2.4805258769999
-43.4879924909999,-2.4816866099999
-43.4866887699999,-2.4834617819999
-43.4851100729999,-2.4848850430000
-43.4828955629999,-2.4858533779999
-43.4790879980000,-2.4869071329999
-43.4744844310000,-2.4877825550000
-43.4696168999999,-2.4880386700000
-43.4659897390000,-2.4875899280000
-43.4614793430000,-2.4863440139999
-43.4642878299999,-2.4833751500000
-43.4643280650000,-2.4844212459999
-43.4646901749999,-2.4848235900000
-43.4651327540000,-2.4850649969999
-43.4660581460000,-2.4847833560000
-43.4669433040000,-2.4839384319999
-43.4680296339999,-2.4828521019999
-43.4689147920000,-2.4814438960000
-43.4701620600000,-2.4790298299999
-43.4714897969999,-2.4766157629999
-43.4726565960000,-2.4751270880000
-43.4735015190000,-2.4738395859999
-43.4757948829999,-2.4689309830000
-43.4768007439999,-2.4661548060000
-43.4768007439999,-2.4647063660000
-43.4763581650000,-2.4629762840000
-43.4761569930000,-2.4610450310000
-43.4757144140000,-2.4590735429999
-43.4757144140000,-2.4573434609999
-43.4755937099999,-2.4564583040000
-43.4753925379999,-2.4554122079999
-43.4747085530000,-2.4552915049999
-43.4743866770000,-2.4561364280000
-43.4739038640000,-2.4575043990000
-43.4732198780000,-2.4600794039999
-43.4723749550000,-2.4628153470000
-43.4712081559999,-2.4668387909999
-43.4708058109999,-2.4681665279999
-43.4695183090000,-2.4705403610000
-43.4672249449999,-2.4748856809999
-43.4654546290000,-2.4791907670000
-43.4642878299999,-2.4833751500000
-43.4614793430000,-2.4863440139999
-43.4606305739999,-2.4937707330000
-43.4581626290000,-2.4976951710000
-43.4563824710000,-2.5016196089999
-43.4551687269999,-2.5057867959999
-43.4548855209999,-2.5086997810000
-43.4536717770000,-2.5147280410000
-43.4540359000000,-2.5197448480000
-43.4540754100000,-2.5252822379999
-43.4538364539999,-2.5275181819999
-43.4537681809999,-2.5297882620000
-43.4528123580000,-2.5329458919999
-43.4516517150000,-2.5362400679999
-43.4510031210000,-2.5385954900000
-43.4504910730000,-2.5404047260000
-43.4502521169999,-2.5416507099999
-43.4498936830000,-2.5436989029999
-43.4498766149999,-2.5464127580000
-43.4500643659999,-2.5489900670000
-43.4502862539999,-2.5504920750000
-43.4504398679999,-2.5525573350000
-43.4505934830000,-2.5544007089999
-43.4506105510000,-2.5558685800000
-43.4504398679999,-2.5577460900000
-43.4492792259999,-2.5596235999999
-43.4475723990000,-2.5606818329999
-43.4438685840000,-2.5626105470000
-43.4425031219999,-2.5640613500000
-43.4418715959999,-2.5655633580000
-43.4416667770000,-2.5665874539999
-43.4418886640000,-2.5676115510000
-43.4419569369999,-2.5685332369999
-43.4427591460000,-2.5695231970000
-43.4445171780000,-2.5712300239999
-43.4473505110000,-2.5732270120000
-43.4511396669999,-2.5765894610000
-43.4528123580000,-2.5785523129999
-43.4536999080000,-2.5799177740000
-43.4549117550000,-2.5817782160000
-43.4573866539999,-2.5842531150000
-43.4603906700000,-2.5875814280000
-43.4612611520000,-2.5892029139999
-43.4619268150000,-2.5907049219999
-43.4624729989999,-2.5925312269999
-43.4623193849999,-2.5935894589999
-43.4620462930000,-2.5944770099999
-43.4613976980000,-2.5952621499999
-43.4611416740000,-2.5955864470000
-43.4602029190000,-2.5960984950000
-43.4596908710000,-2.5963203830000
-43.4590422770000,-2.5965422699999
-43.4575914740000,-2.5965593389999
-43.4563284220000,-2.5968494990000
-43.4549629599999,-2.5971908650000
-43.4538535220000,-2.5979077320000
-43.4529489040000,-2.5985051219999
-43.4524368560000,-2.5993414669999
-43.4524027190000,-2.6001266069999
-43.4521125589999,-2.6012701810000
-43.4517882620000,-2.6020553220000
-43.4515151689999,-2.6026868480000
-43.4511738039999,-2.6040693780000
-43.4507983020000,-2.6045302209999
-43.4499960930000,-2.6051617470000
-43.4491085430000,-2.6054689759999
-43.4482721980000,-2.6055031129999
-43.4473505110000,-2.6050764060000
-43.4459509129999,-2.6044107430000
-43.4452681819999,-2.6045131530000
-43.4447732020000,-2.6048545180000
-43.4444830410000,-2.6055372489999
-43.4442782220000,-2.6065101409999
-43.4441587439999,-2.6078585339999
-43.4442782220000,-2.6098896579999
-43.4443806319999,-2.6112551199999
-43.4447732020000,-2.6119890560000
-43.4458963179999,-2.6127002210000
-43.4467955069999,-2.6130374180000
-43.4476946970000,-2.6132247489999
-43.4477696300000,-2.6135994109999
-43.4476572309999,-2.6141614050000
-43.4471701699999,-2.6146110000000
-43.4464957769999,-2.6155851220000
-43.4459337840000,-2.6165967099999
-43.4456715200000,-2.6172711030000
-43.4457089859999,-2.6179080290000
-43.4463459120000,-2.6183950900000
-43.4471327030000,-2.6183950900000
-43.4478070960000,-2.6183201570000
-43.4484065560000,-2.6182452250000
-43.4492682790000,-2.6177206980000
-43.4502424010000,-2.6173835010000
-43.4508418610000,-2.6174209680000
-43.4511790569999,-2.6177956299999
-43.4516286520000,-2.6183201570000
-43.4512539899999,-2.6193692120000
-43.4508418610000,-2.6201560030000
-43.4505046650000,-2.6210177270000
-43.4503922659999,-2.6221417139999
-43.4507294630000,-2.6231158360000
-43.4517035850000,-2.6242398229999
-43.4519658479999,-2.6252514120000
-43.4514413209999,-2.6257010070000
-43.4509167940000,-2.6256635399999
-43.4504297330000,-2.6251390130000
-43.4502424010000,-2.6243522220000
-43.4497553400000,-2.6238651610000
-43.4490809480000,-2.6238651610000
-43.4484065560000,-2.6241274249999
-43.4472825679999,-2.6245020869999
-43.4464583110000,-2.6246519520000
-43.4457839190000,-2.6250640809999
-43.4445623050000,-2.6250589659999
-43.4445623050000,-2.6257410630000
-43.4439776500000,-2.6263744390000
-43.4431981100000,-2.6264718809999
-43.4426621769999,-2.6263744390000
-43.4422236860000,-2.6260333900000
-43.4416877520000,-2.6260333900000
-43.4412979820000,-2.6263257180000
-43.4408107700000,-2.6264231599999
-43.4402261150000,-2.6263257180000
-43.4394952970000,-2.6260333900000
-43.4391055270000,-2.6262769959999
-43.4393491330000,-2.6268129300000
-43.4399825089999,-2.6276411910000
-43.4406646060000,-2.6284694519999
-43.4409569340000,-2.6291028279999
-43.4407620489999,-2.6300772530000
-43.4399825089999,-2.6303208589999
-43.4393004120000,-2.6297849250000
-43.4384234299999,-2.6292489919999
-43.4376438899999,-2.6296387610000
-43.4364745800000,-2.6309542349999
-43.4348180580000,-2.6317824960000
-43.4341359610000,-2.6328056419999
-43.4338436340000,-2.6336339030000
-43.4339897970000,-2.6343647209999
-43.4350616639999,-2.6348032119999
-43.4355975980000,-2.6350955399999
-43.4362309740000,-2.6350955399999
-43.4368156290000,-2.6353391460000
-43.4369617930000,-2.6357289159999
-43.4369617930000,-2.6364110129999
-43.4371079560000,-2.6368495039999
-43.4378387749999,-2.6370443889999
-43.4380336600000,-2.6372392740000
-43.4379849379999,-2.6381649770000
-43.4383747080000,-2.6384085839999
-43.4384721510000,-2.6391881229999
-43.4380336600000,-2.6398214989999
-43.4373515619999,-2.6403574330000
-43.4364745800000,-2.6408933659999
-43.4362796949999,-2.6417703490000
-43.4364258589999,-2.6426473310000
-43.4364745800000,-2.6427934950000
-43.4358899250000,-2.6438653619999
-43.4352078279999,-2.6445474590000
-43.4349155010000,-2.6453269990000
-43.4351591069999,-2.6464475870000
-43.4358412040000,-2.6476168970000
-43.4368156290000,-2.6486400429999
-43.4376438899999,-2.6499555160000
-43.4376926109999,-2.6513684320000
-43.4374002840000,-2.6525377409999
-43.4372053989999,-2.6536096079999
-43.4378874960000,-2.6552174089999
-43.4383747080000,-2.6560456700000
-43.4380336600000,-2.6568739310000
-43.4381798230000,-2.6579457980000
-43.4383747080000,-2.6588227800000
-43.4386183139999,-2.6601382539999
-43.4385208720000,-2.6613075630000
-43.4380336600000,-2.6624281520000
-43.4372541200000,-2.6635000190000
-43.4365720229999,-2.6650590980000
-43.4369617930000,-2.6663745719999
-43.4374977259999,-2.6686157480000
-43.4380823810000,-2.6708082040000
-43.4389593630000,-2.6725621680000
-43.4390080840000,-2.6738776420000
-43.4390080840000,-2.6750469510000
-43.4390568059999,-2.6763624250000
-43.4396901819999,-2.6778727829999
-43.4399337880000,-2.6791395349999
-43.4399825089999,-2.6803575659999
-43.4402261150000,-2.6820140880000
-43.4405671640000,-2.6829397910000
-43.4412492609999,-2.6839142160000
-43.4412005400000,-2.6850348039999
-43.4412492609999,-2.6863502770000
-43.4416390310000,-2.6873247020000
-43.4423211279999,-2.6884452909999
-43.4429545039999,-2.6894684360000
-43.4438802079999,-2.6899556490000
-43.4440750930000,-2.6905890249999
-43.4436366020000,-2.6913685650000
-43.4422724070000,-2.6918070560000
-43.4413467040000,-2.6927814800000
-43.4411518190000,-2.6943405599999
-43.4412492609999,-2.6964355730000
-43.4417851950000,-2.6975074399999
-43.4417851950000,-2.6980920949999
-43.4415415880000,-2.6991639619999
-43.4420775220000,-2.6999435019999
-43.4422724070000,-2.7006255990000
-43.4422724070000,-2.7028180540000
-43.4422724070000,-2.7042309700000
-43.4422724070000,-2.7056438860000
-43.4419313580000,-2.7068131959999
-43.4414441460000,-2.7081286690000
-43.4412005400000,-2.7098826330000
-43.4410056550000,-2.7109057790000
-43.4402261150000,-2.7120263679999
-43.4403722790000,-2.7129520710000
-43.4402261150000,-2.7144137079999
-43.4408594910000,-2.7151932479999
-43.4409082120000,-2.7158266239999
-43.4404210000000,-2.7165574419999
-43.4403722790000,-2.7172395400000
-43.4407133280000,-2.7180190789999
-43.4412005400000,-2.7188473400000
-43.4415415880000,-2.7201628139999
-43.4411030969999,-2.7210397960000
-43.4403235579999,-2.7216244510000
-43.4395927390000,-2.7227937599999
-43.4388619210000,-2.7248887730000
-43.4382772659999,-2.7261068039999
-43.4382772659999,-2.7274222770000
-43.4385208720000,-2.7286403080000
-43.4389593630000,-2.7294685690000
-43.4398363449999,-2.7309789280000
-43.4412492609999,-2.7323918430000
-43.4425647340000,-2.7337073169999
-43.4436366020000,-2.7346330199999
-43.4440263709999,-2.7356074450000
-43.4437340439999,-2.7364844269999
-43.4429057830000,-2.7377511789999
-43.4429057830000,-2.7382383909999
-43.4437340439999,-2.7392615369999
-43.4444648630000,-2.7403821259999
-43.4455367300000,-2.7420873689999
-43.4463162690000,-2.7433053999999
-43.4469983669999,-2.7448157580000
-43.4469983669999,-2.7463261160000
-43.4464137120000,-2.7474467050000
-43.4456828930000,-2.7485185720000
-43.4451956810000,-2.7497853240000
-43.4447571900000,-2.7513931240000
-43.4447084690000,-2.7528547610000
-43.4446110260000,-2.7543163980000
-43.4445623050000,-2.7552421019999
-43.4442699780000,-2.7566550179999
-43.4431493890000,-2.7579217699999
-43.4420775220000,-2.7590910790000
-43.4410056550000,-2.7605527160000
-43.4401286729999,-2.7619656319999
-43.4400799510000,-2.7634759900000
-43.4402261150000,-2.7650837909999
-43.4406646060000,-2.7661069370000
-43.4413467040000,-2.7675198529999
-43.4413467040000,-2.7689814899999
-43.4411030969999,-2.7699071929999
-43.4408107700000,-2.7711739449999
-43.4399825089999,-2.7723432549999
-43.4391055270000,-2.7734151220000
-43.4382772659999,-2.7744382679999
-43.4376438899999,-2.7752178080000
-43.4374977259999,-2.7763871170000
-43.4374977259999,-2.7773128210000
-43.4374977259999,-2.7775077059999
-43.4378874960000,-2.7787257370000
-43.4388619210000,-2.7797001609999
-43.4397876240000,-2.7807720279999
-43.4406158849999,-2.7816490110000
-43.4415415880000,-2.7826234349999
-43.4422236860000,-2.7837927450000
-43.4424672919999,-2.7851082179999
-43.4433929950000,-2.7861313640000
-43.4440750930000,-2.7867647400000
-43.4453905660000,-2.7877391649999
-43.4459265000000,-2.7892008019999
-43.4460239420000,-2.7903701110000
-43.4470470880000,-2.7914906999999
-43.4480702339999,-2.7921727970000
-43.4491421009999,-2.7931959429999
-43.4498241979999,-2.7943652530000
-43.4499703619999,-2.7955832829999
-43.4499703619999,-2.7967038720000
-43.4500190830000,-2.7979706240000
-43.4505550169999,-2.7986039999999
-43.4513832780000,-2.7990912119999
-43.4514319990000,-2.7995784249999
-43.4519192110000,-2.8005041279999
-43.4529910780000,-2.8014785529999
-43.4536244540000,-2.8022093709999
-43.4537218970000,-2.8029889109999
-43.4544039940000,-2.8039633359999
-43.4547450429999,-2.8046454330000
-43.4548424850000,-2.8054736939999
-43.4547937639999,-2.8068866099999
-43.4549886490000,-2.8079097550000
-43.4552322549999,-2.8093226710000
-43.4556707460000,-2.8105894229999
-43.4566938920000,-2.8113689629999
-43.4571811050000,-2.8120510599999
-43.4574734320000,-2.8132203700000
-43.4568887770000,-2.8139999099999
-43.4564502859999,-2.8152179410000
-43.4568887770000,-2.8162410859999
-43.4580093650000,-2.8171667899999
-43.4587401840000,-2.8178976079999
-43.4588863480000,-2.8190669180000
-43.4584478570000,-2.8204311129999
-43.4581068080000,-2.8215517010000
-43.4583991350000,-2.8225261260000
-43.4588863480000,-2.8244262539999
-43.4592273960000,-2.8257904480000
-43.4595197240000,-2.8269110370000
-43.4598120510000,-2.8283239520000
-43.4606890329999,-2.8302728020000
-43.4612249670000,-2.8317831599999
-43.4615172940000,-2.8331960760000
-43.4613711310000,-2.8352910889999
-43.4613711310000,-2.8360706290000
-43.4605428700000,-2.8369963320000
-43.4598607720000,-2.8375809870000
-43.4591786750000,-2.8383118049999
-43.4585940200000,-2.8392862300000
-43.4583991350000,-2.8402606550000
-43.4591299539999,-2.8410401940000
-43.4595684449999,-2.8422582250000
-43.4594222809999,-2.8434762560000
-43.4592761179999,-2.8445968440000
-43.4596658870000,-2.8454251050000
-43.4601531000000,-2.8463508089999
-43.4607377550000,-2.8474226760000
-43.4604941480000,-2.8481534950000
-43.4593735600000,-2.8485919860000
-43.4587401840000,-2.8493228039999
-43.4586914630000,-2.8506869989999
-43.4590812329999,-2.8517101450000
-43.4592273960000,-2.8533179450000
-43.4597146089999,-2.8544385339999
-43.4605915910000,-2.8552667950000
-43.4606403120000,-2.8562899409999
-43.4600556569999,-2.8572156439999
-43.4598607720000,-2.8583362319999
-43.4598607720000,-2.8596517060000
-43.4602505420000,-2.8601876390000
-43.4603479849999,-2.8616979970000
-43.4600556569999,-2.8622826520000
-43.4600556569999,-2.8629647499999
-43.4592761179999,-2.8636468469999
-43.4586427419999,-2.8643776649999
-43.4582042499999,-2.8657905809999
-43.4580580870000,-2.8670573329999
-43.4574734320000,-2.8683240849999
-43.4574247109999,-2.8700293279999
-43.4581068080000,-2.8713448020000
-43.4584478570000,-2.8723192259999
-43.4582042499999,-2.8734398149999
-43.4574247109999,-2.8743655179999
-43.4574247109999,-2.8751937790000
-43.4582042499999,-2.8757784339999
-43.4595197240000,-2.8763630889999
-43.4594222809999,-2.8771913500000
-43.4587401840000,-2.8779708900000
-43.4583504139999,-2.8790427570000
-43.4588863480000,-2.8797248540000
-43.4584965779999,-2.8813326549999
-43.4580093650000,-2.8817711459999
-43.4574734320000,-2.8826481280000
-43.4565964499999,-2.8834763889999
-43.4557194669999,-2.8847431409999
-43.4561579589999,-2.8858150080000
-43.4562066800000,-2.8864483840000
-43.4559630740000,-2.8868868750000
-43.4552809760000,-2.8875689729999
-43.4547450429999,-2.8883485119999
-43.4546963220000,-2.8891767730000
-43.4551348130000,-2.8895665429999
-43.4552322549999,-2.8903948039999
-43.4545988789999,-2.8909794589999
-43.4542578300000,-2.8918077200000
-43.4546475999999,-2.8927334229999
-43.4553296980000,-2.8941463390000
-43.4553296980000,-2.8954130910000
-43.4548912069999,-2.8964362369999
-43.4534782910000,-2.8967285639999
-43.4526013089999,-2.8967285639999
-43.4516756049999,-2.8965824009999
-43.4506524590000,-2.8957054190000
-43.4499216409999,-2.8954618120000
-43.4493857070000,-2.8958028609999
-43.4486061670000,-2.8963387950000
-43.4477779059999,-2.8962900729999
-43.4468522029999,-2.8964849580000
-43.4460726629999,-2.8969721710000
-43.4458777780000,-2.8976542679999
-43.4458290570000,-2.8982876439999
-43.4453905660000,-2.8987748559999
-43.4445623050000,-2.8988722990000
-43.4440750930000,-2.8983363650000
-43.4437340439999,-2.8977517100000
-43.4421262430000,-2.8976055470000
-43.4412979820000,-2.8980927590000
-43.4410543760000,-2.8989210199999
-43.4413467040000,-2.8993107900000
-43.4417364729999,-2.9000416080000
-43.4413467040000,-2.9010160330000
-43.4406158849999,-2.9014058029999
-43.4398363449999,-2.9014058029999
-43.4390568059999,-2.9005775419999
-43.4386670360000,-2.9004313780000
-43.4376926109999,-2.9012109180000
-43.4366694650000,-2.9014545240000
-43.4358899250000,-2.9014545240000
-43.4349642220000,-2.9010160330000
-43.4341359610000,-2.9004313780000
-43.4333076999999,-2.9003826570000
-43.4322845540000,-2.9004800989999
-43.4319435049999,-2.9000903300000
-43.4304331470000,-2.8994082319999
-43.4296048859999,-2.8998467229999
-43.4295561650000,-2.9004800989999
-43.4295561650000,-2.9013083600000
-43.4293125590000,-2.9018442939999
-43.4279970859999,-2.9017468520000
-43.4268277760000,-2.9013083600000
-43.4254148599999,-2.9013083600000
-43.4244404350000,-2.9010647539999
-43.4237583380000,-2.9002364930000
-43.4223941440000,-2.8997005599999
-43.4214684400000,-2.8997005599999
-43.4210786700000,-2.9002852149999
-43.4210786700000,-2.9010647539999
-43.4210786700000,-2.9019417360000
-43.4211273920000,-2.9030136040000
-43.4211761129999,-2.9042316339999
-43.4204452939999,-2.9049624529999
-43.4190323789999,-2.9055958289999
-43.4185938870000,-2.9069113020000
-43.4183990029999,-2.9089575940000
-43.4183990029999,-2.9111013280000
-43.4185938870000,-2.9132937840000
-43.4183990029999,-2.9146579780000
-43.4175220200000,-2.9157785670000
-43.4175220200000,-2.9168504340000
-43.4181553960000,-2.9176786950000
-43.4190323789999,-2.9189941679999
-43.4192272630000,-2.9198711499999
-43.4186913299999,-2.9205045269999
-43.4184477240000,-2.9210891810000
-43.4187400509999,-2.9221610480000
-43.4197631970000,-2.9229405880000
-43.4205427369999,-2.9233303579999
-43.4211273920000,-2.9238175699999
-43.4211761129999,-2.9242073399999
-43.4206401790000,-2.9249381590000
-43.4199580819999,-2.9255228140000
-43.4200068030000,-2.9259125830000
-43.4206889000000,-2.9266921229999
-43.4211273920000,-2.9279588749999
-43.4217120460000,-2.9296641180000
-43.4220530950000,-2.9307359859999
-43.4225403070000,-2.9314180829999
-43.4227839140000,-2.9323925080000
-43.4223454220000,-2.9340490289999
-43.4221018160000,-2.9350721750000
-43.4214197190000,-2.9362414849999
-43.4212735550000,-2.9376056799999
-43.4213709979999,-2.9390673170000
-43.4221505369999,-2.9398468560000
-43.4233198470000,-2.9406263960000
-43.4241481079999,-2.9413084930000
-43.4259020720000,-2.9418444270000
-43.4266328909999,-2.9424290819999
-43.4262918420000,-2.9432573430000
-43.4258046300000,-2.9443292100000
-43.4254148599999,-2.9450600279999
-43.4253174180000,-2.9462293380000
-43.4259507940000,-2.9476422540000
-43.4265841700000,-2.9486166779999
-43.4277047579999,-2.9495911029999
-43.4278022010000,-2.9505168059999
-43.4278509219999,-2.9519784430000
-43.4284355770000,-2.9527092619999
-43.4295074440000,-2.9533426380000
-43.4304818680000,-2.9544632260000
-43.4310665230000,-2.9547555540000
-43.4312614080000,-2.9552914870000
-43.4314562929999,-2.9564120759999
-43.4324794390000,-2.9566556820000
-43.4328204879999,-2.9564607970000
-43.4334538639999,-2.9564120759999
-43.4338923550000,-2.9569967310000
-43.4340385190000,-2.9576788279999
-43.4339897970000,-2.9583609250000
-43.4344282879999,-2.9589455800000
-43.4353052709999,-2.9590917440000
-43.4358412040000,-2.9593840709999
-43.4365720229999,-2.9604072170000
-43.4367669080000,-2.9616739689999
-43.4370592349999,-2.9631356060000
-43.4378387749999,-2.9642074729999
-43.4389593630000,-2.9647434070000
-43.4404697209999,-2.9652793399999
-43.4417364729999,-2.9661076010000
-43.4428083409999,-2.9663024860000
-43.4435878799999,-2.9671307469999
-43.4437827650000,-2.9681538930000
-43.4447084690000,-2.9693719240000
-43.4458290570000,-2.9700540209999
-43.4476804640000,-2.9704925120000
-43.4485087250000,-2.9710284459999
-43.4491421009999,-2.9719541489999
-43.4504088529999,-2.9729285740000
-43.4507986230000,-2.9740978840000
-43.4507986230000,-2.9750235870000
-43.4501165259999,-2.9760954540000
-43.4499703619999,-2.9770698789999
-43.4499703619999,-2.9785315160000
-43.4508960649999,-2.9794084979999
-43.4522602599999,-2.9800418739999
-43.4527252600000,-2.9801123280000
-43.4538401199999,-2.9812500519999
-43.4565544270000,-2.9840200230000
