-44.0502267990000,-2.8079562000000
-44.0506130840000,-2.8076250989999
-44.0517758409999,-2.8067266039999
-44.0528328930000,-2.8064623409999
-44.0547884400000,-2.8066208989999
-44.0571668069999,-2.8074136879999
-44.0588580899999,-2.8077836560000
-44.0615535730000,-2.8079950670000
-44.0642490559999,-2.8078893620000
-44.0661517500000,-2.8075193930000
-44.0694286120000,-2.8065151939999
-44.0709613370000,-2.8061452260000
-44.0729168839999,-2.8042425319999
-44.0736568199999,-2.8030269220000
-44.0742381990000,-2.8009128180000
-44.0744496089999,-2.7995915029999
-44.0746610190000,-2.7973716929999
-44.0746610190000,-2.7951518839999
-44.0741911790000,-2.7932961050000
-44.0729697359999,-2.7913993490000
-44.0707499270000,-2.7886510129999
-44.0696928749999,-2.7866426140000
-44.0688472330000,-2.7854270039999
-44.0679487390000,-2.7829957840000
-44.0682130019999,-2.7801417439999
-44.0682130019999,-2.7786618709999
-44.0683187069999,-2.7768120289999
-44.0685301170000,-2.7748564830000
-44.0686886750000,-2.7718438840000
-44.0695343170000,-2.7691484019999
-44.0709084840000,-2.7653430139999
-44.0733925570000,-2.7606919849999
-44.0757418059999,-2.7533211880000
-44.0775211989999,-2.7479671650000
-44.0822407950000,-2.7330892099999
-44.0678779899999,-2.7239743370000
-44.0668323220000,-2.7228512110000
-44.0657866540000,-2.7215731720000
-44.0642375149999,-2.7199465770000
-44.0626883770000,-2.7198691199999
-44.0613328809999,-2.7198691199999
-44.0600548419999,-2.7194818359999
-44.0594351870000,-2.7186685380000
-44.0593964580000,-2.7178939689999
-44.0586993460000,-2.7167321150000
-44.0578085920000,-2.7154153480000
-44.0568016519999,-2.7143696800000
-44.0556785269999,-2.7125107140000
-44.0546715870000,-2.7113875890000
-44.0534710049999,-2.7103031920000
-44.0530837200000,-2.7092962519999
-44.0528268770000,-2.7082811089999
-44.0522704230000,-2.7060817899999
-44.0522423820000,-2.7060247050000
-44.0511860260000,-2.7038742679999
-44.0512634830000,-2.7028673280000
-44.0510698400000,-2.7013956470000
-44.0509149270000,-2.7002725220000
-44.0504114569999,-2.6992655820000
-44.0503340000000,-2.6985684699999
-44.0500241720000,-2.6979488140000
-44.0493270599999,-2.6973678880000
-44.0487461330000,-2.6964384050000
-44.0478166500000,-2.6952765509999
-44.0466935250000,-2.6939985120000
-44.0451831149999,-2.6932626710000
-44.0445247310000,-2.6921395460000
-44.0436339770000,-2.6909002359999
-44.0429368649999,-2.6895060109999
-44.0429368649999,-2.6877632310000
-44.0429368649999,-2.6866013769999
-44.0431305069999,-2.6852458810000
-44.0425108520000,-2.6842776700000
-44.0413877270000,-2.6833094579999
-44.0399160450000,-2.6823799750000
-44.0387929199999,-2.6818377769999
-44.0376697949999,-2.6807921090000
-44.0370888680000,-2.6802886390000
-44.0365079410000,-2.6797077119999
-44.0363530270000,-2.6792429700000
-44.0365466700000,-2.6786233149999
-44.0365853979999,-2.6781973019999
-44.0363142990000,-2.6777325610000
-44.0354235440000,-2.6770741769999
-44.0345327900000,-2.6765707069999
-44.0338356779999,-2.6764932500000
-44.0323252680000,-2.6761446940000
-44.0297304610000,-2.6748666550000
-44.0289946210000,-2.6742857280000
-44.0284524219999,-2.6732013310000
-44.0281038660000,-2.6724267619999
-44.0274842109999,-2.6714585509999
-44.0266709130000,-2.6714972789999
-44.0262836290000,-2.6713810940000
-44.0265547280000,-2.6708388960000
-44.0270969260000,-2.6704516110000
-44.0275616680000,-2.6699094130000
-44.0276003960000,-2.6688637440000
-44.0273680260000,-2.6683990029999
-44.0273292969999,-2.6677018910000
-44.0282587799999,-2.6669273219999
-44.0284524219999,-2.6665400370000
-44.0281038660000,-2.6653781830000
-44.0277553100000,-2.6646423430000
-44.0271743829999,-2.6641388730000
-44.0270969260000,-2.6630157480000
-44.0267096420000,-2.6620088079999
-44.0271356549999,-2.6610405960000
-44.0272131120000,-2.6601885700000
-44.0274454830000,-2.6594527299999
-44.0274067540000,-2.6585619749999
-44.0259738010000,-2.6570515650000
-44.0243084780000,-2.6565093670000
-44.0236888219999,-2.6561220820000
-44.0231466239999,-2.6554636989999
-44.0224495120000,-2.6544954870000
-44.0223720549999,-2.6535660040000
-44.0218298560000,-2.6529463489999
-44.0209003740000,-2.6522879650000
-44.0202032609999,-2.6514359390000
-44.0190414080000,-2.6512422969999
-44.0174535410000,-2.6509324689999
-44.0167564289999,-2.6504677280000
-44.0157494890000,-2.6499642580000
-44.0154783899999,-2.6495769730000
-44.0150911050000,-2.6498093440000
-44.0148200060000,-2.6502740860000
-44.0147812779999,-2.6506613700000
-44.0139679800000,-2.6504677280000
-44.0128448550000,-2.6503902709999
-44.0110246170000,-2.6493446030000
-44.0100951340000,-2.6479891069999
-44.0089332809999,-2.6464786970000
-44.0078101559999,-2.6453555720000
-44.0071130429999,-2.6442324470000
-44.0063772029999,-2.6432642350000
-44.0056413619999,-2.6421798379999
-44.0045182370000,-2.6400885020000
-44.0041696810000,-2.6390041050000
-44.0033176549999,-2.6381133510000
-44.0009164900000,-2.6371451389999
-43.9993286239999,-2.6370289540000
-43.9976245719999,-2.6370289540000
-43.9961916189999,-2.6366803980000
-43.9953008639999,-2.6360607419999
-43.9942939250000,-2.6355185440000
-43.9934418989999,-2.6349763460000
-43.9920089459999,-2.6348214320000
-43.9909245489999,-2.6345503329999
-43.9899176090000,-2.6345503329999
-43.9873615310000,-2.6333110219999
-43.9865482330000,-2.6328075520000
-43.9843407110000,-2.6322653540000
-43.9827915730000,-2.6318006119999
-43.9813198919999,-2.6312196859999
-43.9797320250000,-2.6301352889999
-43.9783378010000,-2.6292058060000
-43.9764788350000,-2.6281601379999
-43.9755106240000,-2.6273468400000
-43.9745424119999,-2.6264173570000
-43.9733805590000,-2.6259138870000
-43.9721799759999,-2.6254491459999
-43.9669916330000,-2.6206908600000
-43.9650216240000,-2.6189861449999
-43.9631764360000,-2.6171919000000
-43.9540163309999,-2.6087910689999
-43.9537258669999,-2.6081133210000
-43.9526608350000,-2.6067578249999
-43.9529028880000,-2.6055959710000
-43.9533385829999,-2.6048214020000
-43.9533869930000,-2.6039016010000
-43.9534354039999,-2.6031754429999
-43.9534354039999,-2.6026429259999
-43.9529997090000,-2.6025945160000
-43.9528060670000,-2.6032722639999
-43.9521283189999,-2.6039016010000
-43.9517410340000,-2.6035143170000
-43.9511601070000,-2.6029333900000
-43.9507728230000,-2.6024008730000
-43.9505926820000,-2.6008096319999
-43.9504603970000,-2.5996411109999
-43.9501918960000,-2.5972693529999
-43.9493689160000,-2.5970757109999
-43.9486911680000,-2.5969304790000
-43.9475777250000,-2.5961559099999
-43.9467547450000,-2.5956233940000
-43.9462222289999,-2.5953813410000
-43.9461850989999,-2.5947686879999
-43.9461254079999,-2.5937837919999
-43.9455444810000,-2.5930092230000
-43.9438501110000,-2.5911696209999
-43.9437244250000,-2.5906249810000
-43.9436757189999,-2.5899040959999
-43.9438501110000,-2.5892816090000
-43.9441671620000,-2.5888720660000
-43.9448879449999,-2.5886099629999
-43.9450517600000,-2.5882823339999
-43.9451087859999,-2.5877808819999
-43.9451087859999,-2.5870063120000
-43.9446749870000,-2.5866605709999
-43.9437248629999,-2.5864803750000
-43.9427419760000,-2.5864639939999
-43.9424634919999,-2.5860544580000
-43.9423009729999,-2.5856992270000
-43.9418082340000,-2.5847439419999
-43.9410710690000,-2.5839903959999
-43.9404158120000,-2.5837774370000
-43.9399079870000,-2.5836955299999
-43.9392511070000,-2.5839080360000
-43.9383883880000,-2.5838587379999
-43.9375567370000,-2.5838112150000
-43.9374274959999,-2.5828770930000
-43.9366992760000,-2.5819955630000
-43.9355111259999,-2.5811140320000
-43.9353961429999,-2.5806541030000
-43.9356452719999,-2.5798875550000
-43.9359135640000,-2.5792934799999
-43.9360285459999,-2.5786802420000
-43.9354727980000,-2.5785652590000
-43.9348595599999,-2.5788335510000
-43.9344571220000,-2.5791210070000
-43.9340930110000,-2.5793318079999
-43.9336905740000,-2.5791976620000
-43.9337480650000,-2.5780286760000
-43.9337672280000,-2.5769555080000
-43.9333839540000,-2.5761506319999
-43.9323107869999,-2.5754990660000
-43.9321766410000,-2.5752882649999
-43.9323107869999,-2.5747708449999
-43.9329815160000,-2.5740809520000
-43.9337672280000,-2.5736401870000
-43.9344571220000,-2.5729502930000
-43.9348020689999,-2.5722598010000
-43.9343616400000,-2.5713212880000
-43.9337323020000,-2.5697721500000
-43.9325704480000,-2.5677389059999
-43.9319411110000,-2.5666254630000
-43.9315054159999,-2.5655604299999
-43.9307308469999,-2.5645922190000
-43.9301983310000,-2.5637692389999
-43.9301499200000,-2.5628494379999
-43.9300530990000,-2.5614939420000
-43.9285523710000,-2.5600416249999
-43.9266643590000,-2.5591218239999
-43.9234208509999,-2.5569917590000
-43.9225494610000,-2.5563624220000
-43.9181925089999,-2.5551037470000
-43.9163529080000,-2.5550553369999
-43.9144164849999,-2.5548132840000
-43.9116570820000,-2.5543291779999
-43.9099143019999,-2.5544259989999
-43.9087040379999,-2.5548132840000
-43.9071064889999,-2.5560235479999
-43.9052538040000,-2.5575006889999
-43.9035241070000,-2.5588797719999
-43.9024590740000,-2.5586377189999
-43.9009099359999,-2.5590250029999
-43.9000385460000,-2.5594606979999
-43.8961130260000,-2.5456849060000
-43.8938569020000,-2.5377675110000
-43.8942684270000,-2.5337110579999
-43.8939156910000,-2.5308303890000
-43.8938569020000,-2.5290667140000
-43.8937393240000,-2.5274794059999
-43.8931514320000,-2.5263036229999
-43.8925047509999,-2.5262448340000
-43.8919168600000,-2.5273618279999
-43.8916817030000,-2.5283612439999
-43.8910350220000,-2.5289491359999
-43.8904471300000,-2.5294782380000
-43.8877590900000,-2.5288199359999
-43.8831455940000,-2.5276900900000
-43.8815423070000,-2.5272974439999
-43.8809349260000,-2.5265498990000
-43.8802808240000,-2.5265031769999
-43.8793463919999,-2.5267367850000
-43.8782717949999,-2.5270638360000
-43.8776644150000,-2.5269236719999
-43.8769635909999,-2.5266900640000
-43.8764496530000,-2.5266900640000
-43.8780190369999,-2.5231595459999
-43.8784186800000,-2.5216009370000
-43.8771797859999,-2.5193229710000
-43.8762206420000,-2.5180840760000
-43.8748618549999,-2.5170849680000
-43.8741025330000,-2.5166053959999
-43.8733831750000,-2.5161258250000
-43.8725439240000,-2.5157661460000
-43.8717846019999,-2.5156862169999
-43.8707854940000,-2.5158061100000
-43.8689471350000,-2.5163656100000
-43.8684275990000,-2.5165654319999
-43.8675483840000,-2.5170849680000
-43.8666292039999,-2.5172048609999
-43.8657499889999,-2.5174846120000
-43.8651904879999,-2.5188034339999
-43.8652304530000,-2.5193629350000
-43.8652304530000,-2.5197625779999
-43.8652704170000,-2.5203220789999
-43.8652304530000,-2.5207616860000
-43.8644311660000,-2.5212012940000
-43.8638716660000,-2.5212412580000
-43.8613104110000,-2.5219537259999
-43.8597070270000,-2.5223997410000
-43.8575029639999,-2.5217598520000
-43.8568986239999,-2.5216176540000
-43.8532905460000,-2.5165045610000
-43.8492014029999,-2.5107097410000
-43.8487600260000,-2.5093454849999
-43.8475161460000,-2.5067774739999
-43.8471148940000,-2.5054533439999
-43.8467537680000,-2.5040489630000
-43.8467236740000,-2.5006533700000
-43.8463224220000,-2.4974433570000
-43.8461719530000,-2.4959888189999
-43.8462000260000,-2.4955817560000
-43.8462305680000,-2.4951389060000
-43.8462722660000,-2.4945342820000
-43.8463688560000,-2.4923753830000
-43.8463224220000,-2.4908227039999
-43.8458710140000,-2.4888666020000
-43.8457707009999,-2.4867600310000
-43.8454697630000,-2.4835500170000
-43.8455199190000,-2.4809418810000
-43.8451186670000,-2.4785845270000
-43.8448177289999,-2.4771801460000
-43.8443663199999,-2.4742710720000
-43.8437644429999,-2.4725657520000
-43.8435638170000,-2.4695062079999
-43.8428616269999,-2.4662460379999
-43.8428114700000,-2.4644404050000
-43.8426610010000,-2.4633369630000
-43.8546393029999,-2.4407602350000
-43.8559690620000,-2.4425079179999
-43.8565509940000,-2.4435492680000
-43.8575310880000,-2.4441005720000
-43.8585111830000,-2.4441312000000
-43.8597363009999,-2.4440699440000
-43.8604713719999,-2.4434880119999
-43.8613595830000,-2.4431511050000
-43.8622171659999,-2.4431204770000
-43.8637485639999,-2.4433655010000
-43.8658312649999,-2.4445599910000
-43.8656474969999,-2.4428754529999
-43.8656474969999,-2.4424466619999
-43.8659537770000,-2.4420791260000
-43.8661988009999,-2.4416503350000
-43.8662294289999,-2.4410071479999
-43.8661681729999,-2.4404558439999
-43.8659537770000,-2.4397820290000
-43.8658925210000,-2.4390775859999
-43.8655249860000,-2.4376687000000
-43.8652799619999,-2.4365354659999
-43.8634116560000,-2.4337789489999
-43.8625234460000,-2.4332582740000
-43.8615739790000,-2.4327682269999
-43.8610839320000,-2.4324313189999
-43.8606551399999,-2.4318493879999
-43.8602569769999,-2.4314512249999
-43.8591543699999,-2.4313287130000
-43.8583886709999,-2.4312980850000
-43.8573473210000,-2.4315124810000
-43.8560609460000,-2.4324006909999
-43.8549889679999,-2.4331663899999
-43.8539169890000,-2.4333501579999
-43.8532431739999,-2.4333501579999
-43.8518955439999,-2.4335032980000
-43.8514054970000,-2.4343302529999
-43.8517424039999,-2.4352797189999
-43.8526612429999,-2.4360454179999
-43.8536413379999,-2.4364742100000
-43.8544989200000,-2.4365354659999
-43.8552646190000,-2.4358310229999
-43.8565203660000,-2.4347590440000
-43.8575310880000,-2.4344527649999
-43.8581130200000,-2.4348509280000
-43.8578373679999,-2.4356472549999
-43.8571022970000,-2.4362904420000
-43.8562140860000,-2.4367498609999
-43.8553258749999,-2.4373624209999
-43.8544682920000,-2.4382200030000
-43.8546214319999,-2.4386181670000
-43.8550808520000,-2.4389857020000
-43.8552033629999,-2.4394144940000
-43.8552033629999,-2.4399964250000
-43.8550195960000,-2.4405783559999
-43.8546393029999,-2.4407602350000
-43.8426610010000,-2.4633369630000
-43.8427111569999,-2.4604278880000
-43.8424603750000,-2.4590736640000
-43.8423600620000,-2.4556630250000
-43.8426610010000,-2.4520016029999
-43.8420591230000,-2.4491426850000
-43.8417080280000,-2.4475878339999
-43.8409055250000,-2.4468856440000
-43.8399023950000,-2.4467351740000
-43.8389494230000,-2.4471364259999
-43.8380466060000,-2.4481897119999
-43.8372441029999,-2.4494937799999
-43.8369933210000,-2.4499953439999
-43.8360905040000,-2.4502962829999
-43.8355889400000,-2.4504467529999
-43.8350873749999,-2.4501458139999
-43.8350873749999,-2.4478386170000
-43.8351375320000,-2.4467351740000
-43.8356892529999,-2.4455314190000
-43.8358898779999,-2.4450298550000
-43.8354384700000,-2.4446787599999
-43.8338836199999,-2.4443778209999
-43.8335325250000,-2.4439264129999
-43.8336328380000,-2.4432242220000
-43.8335325250000,-2.4425721879999
-43.8326798649999,-2.4424718750000
-43.8319776740000,-2.4430235959999
-43.8312754839999,-2.4429232830000
-43.8307237630000,-2.4426223450000
-43.8310748580000,-2.4422712489999
-43.8307237630000,-2.4416693720000
-43.8301218850000,-2.4415690590000
-43.8294698509999,-2.4416192150000
-43.8297206340000,-2.4410173379999
-43.8301720420000,-2.4408668689999
-43.8305732940000,-2.4397634260000
-43.8310748580000,-2.4388606100000
-43.8315262660000,-2.4383590450000
-43.8313858280000,-2.4375615580000
-43.8320651060000,-2.4369776909999
-43.8324440160000,-2.4358409630000
-43.8328860760000,-2.4350831450000
-43.8336438950000,-2.4338201140000
-43.8335807430000,-2.4328096890000
-43.8346543200000,-2.4319255670000
-43.8361068050000,-2.4311677489999
-43.8369909269999,-2.4304730819999
-43.8374329879999,-2.4296521119999
-43.8379381999999,-2.4286416869999
-43.8381276549999,-2.4285153840000
-43.8392643820000,-2.4284522319999
-43.8399590490000,-2.4287679899999
-43.8407168680000,-2.4285785360000
-43.8408431710000,-2.4273786560000
-43.8407800190000,-2.4266839890000
-43.8404011100000,-2.4257367160000
-43.8400853520000,-2.4244105339999
-43.8397695950000,-2.4218213199999
-43.8393275339999,-2.4168955000000
-43.8391380790000,-2.4160745300000
-43.8385697149999,-2.4149378019999
-43.8372435329999,-2.4142431349999
-43.8352858350000,-2.4128538009999
-43.8335807430000,-2.4119696790000
-43.8308020750000,-2.4096330720000
-43.8268235280000,-2.4076753739999
-43.8235396480000,-2.4052124639999
-43.8202557680000,-2.4023706450000
-43.8195611010000,-2.4011707650000
-43.8189927370000,-2.3998445829999
-43.8181086150000,-2.3985815519999
-43.8165929780000,-2.3975711269999
-43.8127407339999,-2.3948556110000
-43.8080675190000,-2.3918874879999
-43.8038363660000,-2.3895508809999
-43.8019418200000,-2.3882878499999
-43.7938845446246,-2.3925079935574
-43.7916938900000,-2.3944727390000
-43.7947446859999,-2.3973070709999
-43.7982555780000,-2.3996202729999
-43.7994894559999,-2.4039439800000
-43.8010554840000,-2.4065412250000
-43.8011735919999,-2.4101275400000
-43.7994438020000,-2.4138140840000
-43.7914943929999,-2.4179052659999
-43.7923871620000,-2.4183516500000
-43.7919407780000,-2.4172356889999
-43.7912712010000,-2.4158965370000
-43.7904900290000,-2.4138878080000
-43.7897088569999,-2.4114326950000
-43.7875885310000,-2.4040673549999
-43.7874769350000,-2.4017238379999
-43.7856913990000,-2.3980411680000
-43.7845754379999,-2.3932425379999
-43.7850218220000,-2.3910106160000
-43.7877001280000,-2.3852076219999
-43.7895972599999,-2.3823061240000
-43.7889276839999,-2.3771727059999
-43.7874769350000,-2.3758335529999
-43.7858029950000,-2.3751639769999
-43.7827899009999,-2.3740480160000
-43.7775448870000,-2.3703653460000
-43.7710723150000,-2.3682450210000
-43.7628142070000,-2.3684682130000
-43.7561184440000,-2.3718160949999
-43.7507618330000,-2.3750523809999
-43.7502038530000,-2.3777306859999
-43.7531053499999,-2.3800742029999
-43.7550024829999,-2.3813017599999
-43.7581271729999,-2.3838684689999
-43.7598011140000,-2.3854308140000
-43.7642649560000,-2.3887786949999
-43.7653809170000,-2.3914570009999
-43.7676128379999,-2.3956976510000
-43.7685056060000,-2.3978179759999
-43.7702911430000,-2.4000498970000
-43.7722998720000,-2.4035093749999
-43.7738622169999,-2.4067456600000
-43.7768753100000,-2.4090891769999
-43.7798884040000,-2.4105399260000
-43.7862493790000,-2.4151153640000
-43.7914943929999,-2.4179052659999
-43.7994438020000,-2.4138140840000
-43.7999924329999,-2.4175325930000
-43.8016399589999,-2.4205900250000
-43.8037851970000,-2.4224437789999
-43.8059523020000,-2.4259300469999
-43.8073668289999,-2.4284693740000
-43.8100411710000,-2.4330701140000
-43.8091178870000,-2.4376007779999
-43.8064345710000,-2.4392481379999
-43.8017174000000,-2.4401156619999
-43.7983976070000,-2.4395975670000
-43.7940055500000,-2.4368133689999
-43.7827606929999,-2.4298246239999
-43.7619493206638,-2.4183645961673
-43.7610765598576,-2.4178840001274
-43.7608194859999,-2.4182480659999
-43.7604060340000,-2.4186615180000
-43.7604060340000,-2.4192816970000
-43.7608194859999,-2.4201602830000
-43.7611812570000,-2.4211422330000
-43.7618014360000,-2.4219174560000
-43.7611146990000,-2.4229529770000
-43.7604060340000,-2.4238296729999
-43.7596308110000,-2.4241914440000
-43.7591656769999,-2.4253284380000
-43.7591656769999,-2.4263103869999
-43.7592690399999,-2.4276541080000
-43.7597858550000,-2.4297730509999
-43.7604060340000,-2.4328222629999
-43.7601993080000,-2.4351479319999
-43.7595791290000,-2.4361298819999
-43.7580286830000,-2.4386622769999
-43.7572017780000,-2.4394375009999
-43.7564254810000,-2.4402137980000
-43.7557030130000,-2.4409362659999
-43.7542042480000,-2.4415564440000
-43.7522920310000,-2.4423316670000
-43.7504314949999,-2.4425383939999
-43.7491394560000,-2.4429001640000
-43.7478285609999,-2.4439299539999
-43.7476351040000,-2.4462514329999
-43.7480220170000,-2.4479925429999
-43.7490860290000,-2.4498303810000
-43.7543093570000,-2.4538929690000
-43.7559537380000,-2.4574719170000
-43.7574046629999,-2.4614377770000
-43.7588555870000,-2.4650167240000
-43.7621443500000,-2.4668545620000
-43.7659167539999,-2.4684022150000
-43.7695924289999,-2.4705302380000
-43.7721073650000,-2.4705302380000
-43.7751059420000,-2.4711106070000
-43.7793619879999,-2.4731419019999
-43.7827474780000,-2.4735288150000
-43.7856493269999,-2.4722713470000
-43.7872937079999,-2.4684989429999
-43.7871002520000,-2.4632756149999
-43.7874871650000,-2.4611475920000
-43.7889380899999,-2.4585359280000
-43.7922268519999,-2.4558275350000
-43.7949352439999,-2.4550537090000
-43.8009323990000,-2.4550537090000
-43.8021898670000,-2.4540864260000
-43.8030604219999,-2.4528289579999
-43.8036176560000,-2.4549421529999
-43.8040676090000,-2.4566485039999
-43.8032785530000,-2.4565432959999
-43.8017004420000,-2.4564906930000
-43.8008587820000,-2.4571219369999
-43.8003811760000,-2.4571696390000
-43.7995962930000,-2.4571219369999
-43.7980707849999,-2.4569115219999
-43.7970187100000,-2.4568589190000
-43.7959140320000,-2.4568589190000
-43.7950723719999,-2.4568589190000
-43.7941781090000,-2.4571745410000
-43.7928104119999,-2.4578583890000
-43.7914427150000,-2.4585948410000
-43.7895489809999,-2.4606463869999
-43.7884969070000,-2.4621718949999
-43.7886021140000,-2.4631713659999
-43.7888651329999,-2.4663275889999
-43.7890229440000,-2.4684317379999
-43.7889177370000,-2.4722192060000
-43.7881286809999,-2.4740077329999
-43.7883916989999,-2.4763222970000
-43.7888651329999,-2.4778478049999
-43.7876581680000,-2.4795375560000
-43.7864979650000,-2.4811618390000
-43.7852354760000,-2.4813196499999
-43.7843938160000,-2.4817404799999
-43.7838677789999,-2.4826347439999
-43.7805804850000,-2.4838572710000
-43.7779621509999,-2.4848310149999
-43.7767723370000,-2.4840130179999
-43.7754337960000,-2.4838642910000
-43.7737234379999,-2.4849053779999
-43.7705258120000,-2.4891440919999
-43.7689641809999,-2.4911519029999
-43.7662127350000,-2.4942008020000
-43.7581192910000,-2.4921544539999
-43.7405029870000,-2.4877003430000
-43.7382835920000,-2.4859565330000
-43.7360959040000,-2.4842127240000
-43.7349227949999,-2.4820567409999
-43.7329887520000,-2.4801544030000
-43.7319107599999,-2.4792032340000
-43.7305157119999,-2.4790764109999
-43.7297230720000,-2.4785374159999
-43.7280109680000,-2.4778081860000
-43.7268378589999,-2.4770472509999
-43.7243648199999,-2.4757473199999
-43.7230648889999,-2.4751449130000
-43.7220820140000,-2.4748912680000
-43.7205601439999,-2.4749229729999
-43.7195138580000,-2.4752083239999
-43.7184358670000,-2.4753985579999
-43.7170091130000,-2.4760643759999
-43.7155823600000,-2.4768887229999
-43.7146311910000,-2.4779350090000
-43.7137751389999,-2.4788227660000
-43.7128239699999,-2.4800909909999
-43.7122215630000,-2.4820567409999
-43.7121898569999,-2.4828493809999
-43.7122532690000,-2.4838639619999
-43.7092282789999,-2.4864931260000
-43.7078695769999,-2.4869194780000
-43.7076559520000,-2.4880173989999
-43.7076876579999,-2.4886515119999
-43.7080364200000,-2.4900465599999
-43.7087022379999,-2.4923293649999
-43.7090192940000,-2.4928366550000
-43.7090509999999,-2.4938512360000
-43.7090509999999,-2.4947072880000
-43.7086705320000,-2.4960072190000
-43.7077510690000,-2.4967681539999
-43.7068633109999,-2.4973071499999
-43.7053097350000,-2.4979729679999
-43.7047390339999,-2.4989241370000
-43.7043585659999,-2.5000338340000
-43.7037561590000,-2.5012386480000
-43.7031220470000,-2.5025068730000
-43.7028366960000,-2.5040604490000
-43.7027732850000,-2.5047896789999
-43.7028049899999,-2.5053286739999
-43.7027718219999,-2.5056942120000
-43.7026682919999,-2.5063754039999
-43.7026855459999,-2.5064007320000
-43.7041366270000,-2.5085309429999
-43.7041195849999,-2.5085834900000
-43.7033756920000,-2.5108771599999
-43.7027415790000,-2.5117015059999
-43.7021708779999,-2.5123673250000
-43.7002368340000,-2.5139209009999
-43.6993173709999,-2.5146818360000
-43.6985247300000,-2.5151891259999
-43.6975101500000,-2.5151891259999
-43.6970028599999,-2.5152525370000
-43.6970028599999,-2.5162037059999
-43.6972882100000,-2.5170280529999
-43.6961288439999,-2.5180041290000
-43.6949700460000,-2.5189797280000
-43.6940017450000,-2.5200225130000
-43.6924512149999,-2.5203022090000
-43.6928781679999,-2.5213892240000
-43.6939142980000,-2.5222526649999
-43.6951651589999,-2.5228357139999
-43.6960336540000,-2.5230062140000
-43.6971035760000,-2.5228357139999
-43.6982235500000,-2.5226203339999
-43.6996881310000,-2.5218449669999
-43.7013250169999,-2.5207249929999
-43.7032634330000,-2.5191742599999
-43.7047710909999,-2.5190019560000
-43.7058910649999,-2.5190450320000
-43.7086479239999,-2.5195619429999
-43.7105432650000,-2.5203803859999
-43.7117924670000,-2.5223188020000
-43.7125247570000,-2.5240418389999
-43.7127832130000,-2.5256356490000
-43.7124386049999,-2.5268848510000
-43.7114047830000,-2.5279617489999
-43.7105001890000,-2.5280909770000
-43.7092509870000,-2.5281340519999
-43.7077433300000,-2.5279186729999
-43.7063649000000,-2.5276171410000
-43.7053310780000,-2.5276171410000
-43.7046849389999,-2.5278325209999
-43.7043834070000,-2.5281340519999
-43.7041668610000,-2.5284019360000
-43.7038863490000,-2.5287489519999
-43.7020638559999,-2.5291790269999
-43.7039640730000,-2.5301618980000
-43.7058315269999,-2.5321276389999
-43.7073385959999,-2.5342899550000
-43.7077317439999,-2.5362884589999
-43.7075429550000,-2.5377358449999
-43.7075154750000,-2.5379465230000
-43.7074368830000,-2.5385490620000
-43.7067161109999,-2.5401544179999
-43.7057660030000,-2.5412355760000
-43.7044555080000,-2.5428409319999
-43.7030794889999,-2.5440203769999
-43.7015724199999,-2.5456257329999
-43.7000653520000,-2.5472638510000
-43.6995083909999,-2.5491968300000
-43.6995083909999,-2.5522764920000
-43.7004912620000,-2.5549302439999
-43.7016707069999,-2.5571580840000
-43.7024897660000,-2.5579443810000
-43.7041606470000,-2.5587306780000
-43.7060936260000,-2.5592876379999
-43.7064398240000,-2.5596603819999
-43.7065575459999,-2.5602044320000
-43.7066113729999,-2.5609714779999
-43.7066629800000,-2.5614270400000
-43.7069419260000,-2.5633982580000
-43.7068675410000,-2.5641049220000
-43.7068489439999,-2.5648301809999
-43.7066257879999,-2.5655554410000
-43.7062724560000,-2.5660947370000
-43.7056773710000,-2.5664666649999
-43.7053612320000,-2.5666526290000
-43.7048591289999,-2.5666712249999
-43.7043756230000,-2.5666712249999
-43.7039107130000,-2.5663736829999
-43.7034643990000,-2.5656856159999
-43.7033156280000,-2.5652764950000
-43.7032040500000,-2.5638817650000
-43.7029994890000,-2.5626358060000
-43.7026647540000,-2.5619849320000
-43.7021440550000,-2.5614270400000
-43.7015675659999,-2.5613340579999
-43.7009166920000,-2.5613154609999
-43.7003773960000,-2.5617245819999
-43.7001356430000,-2.5622266849999
-43.7000984500000,-2.5627473840000
-43.7001914319999,-2.5631565049999
-43.7005261680000,-2.5637701859999
-43.7010096740000,-2.5647929890000
-43.7011398490000,-2.5653136880000
-43.7011398490000,-2.5658529830000
-43.7010468669999,-2.5663922790000
-43.7008423060000,-2.5668385929999
-43.7004889750000,-2.5671175390000
-43.7002100289999,-2.5673035030000
-43.6998963939999,-2.5674603209999
-43.6996893300000,-2.5675638530000
-43.6994103840000,-2.5676382380000
-43.6989586820000,-2.5675002429999
-43.6986107380000,-2.5671733280000
-43.6984991600000,-2.5665596470000
-43.6983689849999,-2.5656484230000
-43.6983131960000,-2.5649789530000
-43.6979598640000,-2.5645326389999
-43.6976065320000,-2.5645140430000
-43.6971974120000,-2.5646070249999
-43.6967325020000,-2.5647929890000
-43.6964535559999,-2.5650905309999
-43.6958770670000,-2.5654252660000
-43.6953005789999,-2.5654438629999
-43.6948170720000,-2.5654252660000
-43.6945567220000,-2.5652764950000
-43.6940732159999,-2.5652578990000
-43.6936640950000,-2.5652578990000
-43.6932177820000,-2.5654624590000
-43.6929946250000,-2.5657414049999
-43.6930876069999,-2.5660389480000
-43.6931433960000,-2.5664108760000
-43.6931805890000,-2.5666154360000
-43.6934967280000,-2.5670431529999
-43.6934781309999,-2.5673406960000
-43.6934223420000,-2.5676010449999
-43.6932298890000,-2.5678521799999
-43.6928842920000,-2.5678395329999
-43.6920715560000,-2.5671851489999
-43.6916194550000,-2.5671440490000
-43.6908796549999,-2.5673495490000
-43.6900987540000,-2.5676783490000
-43.6896055540000,-2.5677194490000
-43.6889479540000,-2.5678838489999
-43.6879615530000,-2.5684181490000
-43.6870573520000,-2.5689524499999
-43.6863997519999,-2.5694045499999
-43.6857421509999,-2.5703087510000
-43.6853722509999,-2.5715417520000
-43.6840981500000,-2.5727336519999
-43.6834405499999,-2.5735967530000
-43.6828968199999,-2.5746983000000
-43.6823464129999,-2.5756990390000
-43.6830469299999,-2.5768999260000
-43.6837474480000,-2.5780007389999
-43.6835973370000,-2.5790515159999
-43.6836974110000,-2.5800522549999
-43.6841477440000,-2.5816534379999
-43.6846481130000,-2.5826041399999
-43.6850984460000,-2.5838550640000
-43.6851985200000,-2.5847557299999
-43.6858990379999,-2.5853561730000
-43.6866495920000,-2.5862068019999
-43.6867997030000,-2.5872075409999
-43.6869498139999,-2.5879080579999
-43.6879005160000,-2.5882583169999
-43.6883508490000,-2.5894592040000
-43.6882007380000,-2.5905600180000
-43.6880005899999,-2.5914106459999
-43.6869498139999,-2.5934621620000
-43.6867496660000,-2.5949132339999
-43.6867997030000,-2.5960140469999
-43.6872500360000,-2.5970648229999
-43.6882007380000,-2.5979154519999
-43.6891014029999,-2.5985659319999
-43.6900521059999,-2.6001671150000
-43.6900521059999,-2.6011678539999
-43.6898019210000,-2.6022686680000
-43.6899019950000,-2.6029191480000
-43.6906025119999,-2.6038698500000
-43.6923037690000,-2.6052708849999
-43.6935046560000,-2.6059213660000
-43.6950057650000,-2.6070722159999
-43.6955061350000,-2.6080229189999
-43.6971573549999,-2.6092738429999
-43.6983082049999,-2.6098242489999
-43.6996091660000,-2.6106748779999
-43.6997592769999,-2.6115255060000
-43.7007600159999,-2.6125262450000
-43.7016106450000,-2.6132767999999
-43.7029116059999,-2.6131266890000
-43.7043126409999,-2.6130766520000
-43.7058137499999,-2.6135770220000
-43.7080654130000,-2.6151782050000
-43.7087158940000,-2.6161289070000
-43.7092162630000,-2.6173297939999
-43.7104171509999,-2.6180803490000
-43.7119182599999,-2.6180303120000
-43.7136195159999,-2.6182304600000
-43.7156209949999,-2.6182304600000
-43.7175224000000,-2.6182304600000
-43.7182229169999,-2.6188809399999
-43.7192736929999,-2.6201318640000
-43.7202744330000,-2.6214828619999
-43.7216754679999,-2.6233842669999
-43.7230264660000,-2.6245351169999
-43.7243774640000,-2.6261362999999
-43.7258285359999,-2.6272871500000
-43.7276298670000,-2.6285881109999
-43.7276799040000,-2.6289884069999
-43.7276799040000,-2.6302893680000
-43.7284304579999,-2.6308397750000
-43.7292810869999,-2.6314402180000
-43.7301317150000,-2.6326411059999
-43.7310824170000,-2.6331915119999
-43.7325334889999,-2.6341422149999
-43.7357858920000,-2.6346926209999
-43.7371368899999,-2.6346926209999
-43.7386880360000,-2.6343423619999
-43.7407395520000,-2.6345925469999
-43.7442421389999,-2.6360936560000
-43.7454800610000,-2.6375269800000
-43.7453743820000,-2.6793020590000
-43.7450160270000,-2.8078313849999
-43.7556209610000,-2.8078521359999
-43.8113033920000,-2.8079595959999
-43.8181110190000,-2.8079728669999
-44.0193539290000,-2.8083393400000
-44.0484264550000,-2.8083896200000
-44.0502267990000,-2.8079562000000
