-35.2037620039999,-5.7408823449999
-35.2039333250000,-5.7457935529999
-35.2034764690000,-5.7487631200000
-35.2024485410000,-5.7509902949999
-35.2006211149999,-5.7521895440000
-35.1977086549999,-5.7503050110000
-35.1962238720000,-5.7504763320000
-35.1945106599999,-5.7515042589999
-35.1946134270000,-5.7552976119999
-35.1937682679999,-5.7581286779999
-35.1938253750000,-5.7609269239999
-35.1940538030000,-5.7624117080000
-35.1950817300000,-5.7621832799999
-35.1957670149999,-5.7624117080000
-35.1958241220000,-5.7632683140000
-35.1955956940000,-5.7638964920000
-35.1951959440000,-5.7642962409999
-35.1951959440000,-5.7652099539999
-35.1956528009999,-5.7663520949999
-35.1957099080000,-5.7682366279999
-35.1949104089999,-5.7701211619999
-35.1947961950000,-5.7717772660000
-35.1942822309999,-5.7734333709999
-35.1938253750000,-5.7748039410000
-35.1933114110000,-5.7769169019999
-35.1929687689999,-5.7797151480000
-35.1922263769999,-5.7827418219999
-35.1911413430000,-5.7825705009999
-35.1901705229999,-5.7826847150000
-35.1893139169999,-5.7838268569999
-35.1891997029999,-5.7846834630000
-35.1900563089999,-5.7846263559999
-35.1895423449999,-5.7861111390000
-35.1886857389999,-5.7870819590000
-35.1878862400000,-5.7875959230000
-35.1877149190000,-5.7889664919999
-35.1875435979999,-5.7904512759999
-35.1868012060000,-5.7909652399999
-35.1856590650000,-5.7907939180000
-35.1854306370000,-5.7918218459999
-35.1848595659999,-5.7929068800000
-35.1840029599999,-5.7926784510000
-35.1824039620000,-5.7926213439999
-35.1818899990000,-5.7940490210000
-35.1814331419999,-5.7967901599999
-35.1809191789999,-5.7982749440000
-35.1798912510000,-5.7983320509999
-35.1794343949999,-5.7992457640000
-35.1800054660000,-5.8020440100000
-35.1800625729999,-5.8043853990000
-35.1806336430000,-5.8080973579999
-35.1809191789999,-5.8116951030000
-35.1812618210000,-5.8196329849999
-35.1815473560000,-5.8277421879999
-35.1814331419999,-5.8303120059999
-35.1814902490000,-5.8347663570000
-35.1816615700000,-5.8379643520000
-35.1814331419999,-5.8387638509999
-35.1806336430000,-5.8395633499999
-35.1808049639999,-5.8419618469999
-35.1809762860000,-5.8449314140000
-35.1811476070000,-5.8484720520000
-35.1809762860000,-5.8534403670000
-35.1804623220000,-5.8576662890000
-35.1799483590000,-5.8605216420000
-35.1796628229999,-5.8637767449999
-35.1789204309999,-5.8666892049999
-35.1777782899999,-5.8704582710000
-35.1760079709999,-5.8745699799999
-35.1738379029999,-5.8777108679999
-35.1713251920000,-5.8809659710000
-35.1691551239999,-5.8830218250000
-35.1665853059999,-5.8839355379999
-35.1649292009999,-5.8838213239999
-35.1641297020000,-5.8828505040000
-35.1632730960000,-5.8817654699999
-35.1621880620000,-5.8810230779999
-35.1614456700000,-5.8795382939999
-35.1604177430000,-5.8795382939999
-35.1587045310000,-5.8801664719999
-35.1578479249999,-5.8811372920000
-35.1567628910000,-5.8814228269999
-35.1557920710000,-5.8806233289999
-35.1545357150000,-5.8804520070000
-35.1536791100000,-5.8819367909999
-35.1536220020000,-5.8841068589999
-35.1528225040000,-5.8865053559999
-35.1534506810000,-5.8886754239999
-35.1537933239999,-5.8918734200000
-35.1543072869999,-5.8950714159999
-35.1545004160000,-5.8978524710000
-35.1761952169999,-5.8998175859999
-35.2051748000000,-5.8788318639999
-35.2054664789999,-5.8792525229999
-35.2118543920000,-5.8730397489999
-35.2113779219999,-5.8723718780000
-35.2153721960000,-5.8690194420000
-35.2170925519999,-5.8681845569999
-35.2182970210000,-5.8690374960000
-35.2197869850000,-5.8721406540000
-35.2203771090000,-5.8733697090000
-35.2214591069999,-5.8747874990000
-35.2223415170000,-5.8759437610000
-35.2259993800000,-5.8813628180000
-35.2261286089999,-5.8816581990000
-35.2268258690000,-5.8813412630000
-35.2273969390000,-5.8784859099999
-35.2288246159999,-5.8774008760000
-35.2320797190000,-5.8748310579999
-35.2339642520000,-5.8731178460000
-35.2371051400000,-5.8711190989999
-35.2384757099999,-5.8694629940000
-35.2397320649999,-5.8680353179999
-35.2419592410000,-5.8660936780000
-35.2441864159999,-5.8648944289999
-35.2472701970000,-5.8652941789999
-35.2483552319999,-5.8649515360000
-35.2509767989999,-5.8655282810000
-35.2512105850000,-5.8655797140000
-35.2543004120000,-5.8655786880000
-35.2560507340000,-5.8640572529999
-35.2579549490000,-5.8627356659999
-35.2606808760000,-5.8600674660000
-35.2628911859999,-5.8575460239999
-35.2645685680000,-5.8564851180000
-35.2664735160000,-5.8555319139999
-35.2674408210000,-5.8553847819999
-35.2721705380000,-5.8553355029999
-35.2746191310000,-5.8547559720000
-35.2803090190000,-5.8525901940000
-35.2824173289999,-5.8498228370000
-35.2829956959999,-5.8388154930000
-35.2816638379999,-5.8377127990000
-35.2816638379999,-5.8358853729999
-35.2816638379999,-5.8342292679999
-35.2818351590000,-5.8326302699999
-35.2814354100000,-5.8317736640000
-35.2809785530000,-5.8306886299999
-35.2809785530000,-5.8292609539999
-35.2809896630000,-5.8285047080000
-35.2809918889999,-5.8283531869999
-35.2810927670000,-5.8272050990000
-35.2814412960000,-5.8255607739999
-35.2810986530000,-5.8239617760000
-35.2813270810000,-5.8217917080000
-35.2802991540000,-5.8202498169999
-35.2793283340000,-5.8192789970000
-35.2784146210000,-5.8183652840000
-35.2767014089999,-5.8173373569999
-35.2741886990000,-5.8161952159999
-35.2717902020000,-5.8140251469999
-35.2700198830000,-5.8129401130000
-35.2678498150000,-5.8120264000000
-35.2655084250000,-5.8111126869999
-35.2628814999999,-5.8105987229999
-35.2603116820000,-5.8098563320000
-35.2587126850000,-5.8091139400000
-35.2566568299999,-5.8075720489999
-35.2543154410000,-5.8047166960000
-35.2526593360000,-5.8024324130000
-35.2517212999999,-5.7995614790000
-35.2506605889999,-5.7969501350000
-35.2506605889999,-5.7938092470000
-35.2506605889999,-5.7900401809999
-35.2493471260000,-5.7857571509999
-35.2487760559999,-5.7835870829999
-35.2474898409999,-5.7825245569999
-35.2487150919999,-5.7802044150000
-35.2489626320000,-5.7784007449999
-35.2500464430000,-5.7773169339999
-35.2522140660000,-5.7763685990000
-35.2542462119999,-5.7753525260000
-35.2543853380000,-5.7753284710000
-35.2577096260000,-5.7744678389999
-35.2608670220000,-5.7732497570000
-35.2672364229999,-5.7707925260000
-35.2721690790000,-5.7689548700000
-35.2870320580000,-5.7629332129999
-35.2872088450000,-5.7628615890000
-35.2878615490000,-5.7592955289999
-35.2888283039999,-5.7548662259999
-35.2907971810000,-5.7373218999999
-35.2911261820000,-5.7328450149999
-35.2907733279999,-5.7312816689999
-35.2897239449999,-5.7292654590000
-35.2881779620000,-5.7278592910000
-35.2862421789999,-5.7266283379999
-35.2840904449999,-5.7255066829999
-35.2805717300000,-5.7238856550000
-35.2793734070000,-5.7231793100000
-35.2771352340000,-5.7222105189999
-35.2759143030000,-5.7207810460000
-35.2730062780000,-5.7148384459999
-35.2690598149999,-5.7097692849999
-35.2653109359999,-5.7027311450000
-35.2642830089999,-5.7036448580000
-35.2631408679999,-5.7042159289999
-35.2623984759999,-5.7049583209999
-35.2616560840000,-5.7055864979999
-35.2599428720000,-5.7065002109999
-35.2586865169999,-5.7076994600000
-35.2578299109999,-5.7087844939999
-35.2570875190000,-5.7096410999999
-35.2566306630000,-5.7104405990000
-35.2546890230000,-5.7113543120000
-35.2540037379999,-5.7108974549999
-35.2529187040000,-5.7104977060000
-35.2517765620000,-5.7104977060000
-35.2506344210000,-5.7111258840000
-35.2487498880000,-5.7121538109999
-35.2475506399999,-5.7134101660000
-35.2469795690000,-5.7146094139999
-35.2464084979999,-5.7161513049999
-35.2462371770000,-5.7174076609999
-35.2458945349999,-5.7183213740000
-35.2444668580000,-5.7185498019999
-35.2434389310000,-5.7184355880000
-35.2429249680000,-5.7168936969999
-35.2418970400000,-5.7160941979999
-35.2409833270000,-5.7151804850000
-35.2395556509999,-5.7147807360000
-35.2380137599999,-5.7144380930000
-35.2368145120000,-5.7149520569999
-35.2355010489999,-5.7156944490000
-35.2344731219999,-5.7166652690000
-35.2331596600000,-5.7188924440000
-35.2328741240000,-5.7206056560000
-35.2317890899999,-5.7209482979999
-35.2308753770000,-5.7220333330000
-35.2303043070000,-5.7228899390000
-35.2283055590000,-5.7236894370000
-35.2269920969999,-5.7252884349999
-35.2267065619999,-5.7268874329999
-35.2105637590000,-5.7371668809999
-35.2037620039999,-5.7408823449999
