-39.205955,-17.772184
-39.219848,-17.785791
-39.228160,-17.791884
-39.231121,-17.794823
-39.232032,-17.795911
-39.232830,-17.797109
-39.233970,-17.798851
-39.234654,-17.799831
-39.235792,-17.799939
-39.236474,-17.799938
-39.236702,-17.800265
-39.236703,-17.800592
-39.236703,-17.801245
-39.236705,-17.802117
-39.243443,-17.809042
-39.244085,-17.810574
-39.249212,-17.815717
-39.250045,-17.816390
-39.251134,-17.817308
-39.251519,-17.818227
-39.251776,-17.818840
-39.252161,-17.819452
-39.255174,-17.823126
-39.255623,-17.824106
-39.255560,-17.824781
-39.255561,-17.825332
-39.255882,-17.826129
-39.256715,-17.826373
-39.257419,-17.826556
-39.258572,-17.827167
-39.259009,-17.828513
-39.260087,-17.829495
-39.264442,-17.836455
-39.264692,-17.837133
-39.265191,-17.839525
-39.265905,-17.840738
-39.266405,-17.841202
-39.266905,-17.841452
-39.268047,-17.841880
-39.268653,-17.842166
-39.269332,-17.842558
-39.269831,-17.843201
-39.270260,-17.843950
-39.270866,-17.844985
-39.271687,-17.846235
-39.272472,-17.847627
-39.272936,-17.848376
-39.273151,-17.849019
-39.273436,-17.849840
-39.273722,-17.850732
-39.274007,-17.851517
-39.274400,-17.852124
-39.275149,-17.852980
-39.275685,-17.853552
-39.276256,-17.854051
-39.276827,-17.854444
-39.277327,-17.854694
-39.277684,-17.855086
-39.277898,-17.855622
-39.278350,-17.855098
-39.278588,-17.854836
-39.278707,-17.854480
-39.278826,-17.854027
-39.279016,-17.853528
-39.279492,-17.852838
-39.280111,-17.852600
-39.280658,-17.852600
-39.280920,-17.852933
-39.280943,-17.853456
-39.280943,-17.854170
-39.281158,-17.854813
-39.281395,-17.855122
-39.281919,-17.855265
-39.282490,-17.855431
-39.282990,-17.855645
-39.283489,-17.855883
-39.283894,-17.856288
-39.284489,-17.856740
-39.285084,-17.857168
-39.285655,-17.857573
-39.286154,-17.857906
-39.286606,-17.858239
-39.287106,-17.858525
-39.287606,-17.858715
-39.288129,-17.858715
-39.288605,-17.858715
-39.289081,-17.858477
-39.289438,-17.858429
-39.289866,-17.858429
-39.290318,-17.858548
-39.291127,-17.859024
-39.291532,-17.859334
-39.292103,-17.859714
-39.292698,-17.860095
-39.293198,-17.860547
-39.293864,-17.860856
-39.294268,-17.860904
-39.294839,-17.860904
-39.295577,-17.860833
-39.296338,-17.860547
-39.296933,-17.860285
-39.297790,-17.860000
-39.298313,-17.859833
-39.298884,-17.859476
-39.299527,-17.858786
-39.299979,-17.858215
-39.300288,-17.857763
-39.300836,-17.857359
-39.301288,-17.857264
-39.301906,-17.857168
-39.302525,-17.857168
-39.303049,-17.857097
-39.303477,-17.856883
-39.303548,-17.856621
-39.303548,-17.856336
-39.303739,-17.855955
-39.304214,-17.855741
-39.304357,-17.855883
-39.304357,-17.856193
-39.304429,-17.856336
-39.304643,-17.856336
-39.304952,-17.856407
-39.305119,-17.856669
-39.305404,-17.856883
-39.305761,-17.856883
-39.306308,-17.856859
-39.306927,-17.856502
-39.307141,-17.856121
-39.307332,-17.855455
-39.307284,-17.855146
-39.307117,-17.854694
-39.306927,-17.854432
-39.306784,-17.854027
-39.306689,-17.853575
-39.306784,-17.853266
-39.307046,-17.853004
-39.307427,-17.852909
-39.308022,-17.852909
-39.308283,-17.853028
-39.308402,-17.853290
-39.308521,-17.853623
-39.308712,-17.853980
-39.308926,-17.854027
-39.309354,-17.854004
-39.309782,-17.853885
-39.310187,-17.853837
-39.310401,-17.853623
-39.310663,-17.853409
-39.311163,-17.853409
-39.311519,-17.853575
-39.311972,-17.853766
-39.312400,-17.853908
-39.312685,-17.853956
-39.312995,-17.854146
-39.313328,-17.854313
-39.313756,-17.854313
-39.314065,-17.854361
-39.314422,-17.854432
-39.314756,-17.854551
-39.315469,-17.854836
-39.315612,-17.854979
-39.315826,-17.855170
-39.316112,-17.855289
-39.316350,-17.855312
-39.316659,-17.855193
-39.316897,-17.854884
-39.317087,-17.854599
-39.318355,-17.853195
-39.318681,-17.853464
-39.320227,-17.854416
-39.321952,-17.854654
-39.324272,-17.854714
-39.327306,-17.854238
-39.329567,-17.853167
-39.331887,-17.852453
-39.334207,-17.852394
-39.336229,-17.853167
-39.338192,-17.853583
-39.340512,-17.853643
-39.344381,-17.855204
-39.388524,-17.855761
-39.394022,-17.851932
-39.397995,-17.849946
-39.402349,-17.849411
-39.406857,-17.850862
-39.414040,-17.855964
-39.435447,-17.856208
-39.435596,-17.855881
-39.436102,-17.855673
-39.436756,-17.855673
-39.437559,-17.855673
-39.438660,-17.855851
-39.439493,-17.856208
-39.441991,-17.857547
-39.443954,-17.858320
-39.444549,-17.858558
-39.445382,-17.858617
-39.445947,-17.858588
-39.446571,-17.858261
-39.447107,-17.857904
-39.447702,-17.857457
-39.448683,-17.856714
-39.450081,-17.855732
-39.452342,-17.853769
-39.454037,-17.852074
-39.454334,-17.851509
-39.454572,-17.850973
-39.454632,-17.850527
-39.454572,-17.850022
-39.454037,-17.849367
-39.453293,-17.848772
-39.452758,-17.848207
-39.452133,-17.847434
-39.451539,-17.846601
-39.451122,-17.845768
-39.450825,-17.844995
-39.450587,-17.844311
-39.450408,-17.843657
-39.450260,-17.842943
-39.450022,-17.842378
-39.449754,-17.841842
-39.449278,-17.841515
-39.448832,-17.841188
-39.448445,-17.840950
-39.447731,-17.840623
-39.447731,-17.840147
-39.447850,-17.839939
-39.448059,-17.839760
-39.448445,-17.839641
-39.448891,-17.839582
-39.449546,-17.839522
-39.450408,-17.839374
-39.451211,-17.839255
-39.452014,-17.839106
-39.452788,-17.838808
-39.453948,-17.838333
-39.454810,-17.837976
-39.455494,-17.837678
-39.456089,-17.837262
-39.456714,-17.837024
-39.457338,-17.837024
-39.457963,-17.837113
-39.458498,-17.837381
-39.458826,-17.838095
-39.459064,-17.838808
-39.459093,-17.839493
-39.459153,-17.840266
-39.459361,-17.841069
-39.459658,-17.841753
-39.460015,-17.842348
-39.460551,-17.842883
-39.461265,-17.843329
-39.462038,-17.843746
-39.463109,-17.844043
-39.464001,-17.844192
-39.464864,-17.844133
-39.465845,-17.843805
-39.466499,-17.843478
-39.467213,-17.843062
-39.467987,-17.842586
-39.468671,-17.842021
-39.468938,-17.841456
-39.469147,-17.840742
-39.469236,-17.839909
-39.469236,-17.839225
-39.468998,-17.838481
-39.468730,-17.837976
-39.468671,-17.837470
-39.468671,-17.836786
-39.468730,-17.836280
-39.469117,-17.835656
-39.469682,-17.835299
-39.470485,-17.835091
-39.471080,-17.834912
-39.472210,-17.834763
-39.473370,-17.834377
-39.474084,-17.834109
-39.474619,-17.833633
-39.475214,-17.832919
-39.475750,-17.832205
-39.476047,-17.831492
-39.476463,-17.830570
-39.476910,-17.829648
-39.477385,-17.829112
-39.477980,-17.828844
-39.478813,-17.828577
-39.479378,-17.828309
-39.480092,-17.828101
-39.480598,-17.827922
-39.481222,-17.827566
-39.481758,-17.827447
-39.482204,-17.827447
-39.482620,-17.827625
-39.482739,-17.827952
-39.482828,-17.828458
-39.482828,-17.828815
-39.482382,-17.829885
-39.481996,-17.830242
-39.481549,-17.830718
-39.481341,-17.831254
-39.481341,-17.832027
-39.481490,-17.833187
-39.481698,-17.833693
-39.482115,-17.834198
-39.482947,-17.834615
-39.483542,-17.834615
-39.484197,-17.834615
-39.484791,-17.834436
-39.485684,-17.834020
-39.486368,-17.833782
-39.487111,-17.833633
-39.487915,-17.833633
-39.488807,-17.833693
-39.489907,-17.833841
-39.490948,-17.834020
-39.491722,-17.833990
-39.492882,-17.833633
-39.493833,-17.833246
-39.494993,-17.832741
-39.495826,-17.832354
-39.496481,-17.831849
-39.497194,-17.831432
-39.497908,-17.830986
-39.498652,-17.830689
-39.499366,-17.830510
-39.499901,-17.830302
-39.499931,-17.829945
-39.499752,-17.829737
-39.499306,-17.829439
-39.498741,-17.829231
-39.498265,-17.828904
-39.497670,-17.828160
-39.497373,-17.827566
-39.496956,-17.826643
-39.496689,-17.825840
-39.496600,-17.824948
-39.496689,-17.824234
-39.496808,-17.823818
-39.497165,-17.823372
-39.497879,-17.822658
-39.498444,-17.822212
-39.499039,-17.821855
-39.500080,-17.821557
-39.500853,-17.821557
-39.501418,-17.821647
-39.502013,-17.821825
-39.502578,-17.822033
-39.503530,-17.822004
-39.504809,-17.821825
-39.505731,-17.821290
-39.507575,-17.820070
-39.509032,-17.818851
-39.509411,-17.818530
-39.510210,-17.818701
-39.510895,-17.819101
-39.511980,-17.819729
-39.512951,-17.819729
-39.513979,-17.819557
-39.515178,-17.819215
-39.515978,-17.818701
-39.516549,-17.818073
-39.516777,-17.817444
-39.516949,-17.816931
-39.517063,-17.816531
-39.517348,-17.816359
-39.517920,-17.816531
-39.518376,-17.816702
-39.518719,-17.817216
-39.519062,-17.817616
-39.519347,-17.817901
-39.519747,-17.817844
-39.520147,-17.817616
-39.520375,-17.817216
-39.520489,-17.816702
-39.520375,-17.816188
-39.520375,-17.815560
-39.520432,-17.814818
-39.520775,-17.814475
-39.521232,-17.814418
-39.521746,-17.814304
-39.522203,-17.814189
-39.522602,-17.813904
-39.522945,-17.813561
-39.522945,-17.813104
-39.522945,-17.812590
-39.522945,-17.811962
-39.523002,-17.811734
-39.523288,-17.811677
-39.523687,-17.811848
-39.523744,-17.812134
-39.523973,-17.812819
-39.524258,-17.813276
-39.524887,-17.813675
-39.525401,-17.813847
-39.525857,-17.813790
-39.526200,-17.813618
-39.526885,-17.813561
-39.527856,-17.813390
-39.528484,-17.813161
-39.529341,-17.812762
-39.529855,-17.812419
-39.530255,-17.812019
-39.530769,-17.811791
-39.531625,-17.811791
-39.532025,-17.811848
-39.532368,-17.811848
-39.532710,-17.811848
-39.533053,-17.811620
-39.533567,-17.811562
-39.533852,-17.811220
-39.534366,-17.811163
-39.535451,-17.810763
-39.535965,-17.810649
-39.536422,-17.810820
-39.536651,-17.811277
-39.536879,-17.811734
-39.537279,-17.811962
-39.537907,-17.812191
-39.538307,-17.812533
-39.538592,-17.812933
-39.539049,-17.813561
-39.539392,-17.814075
-39.539963,-17.814932
-39.541048,-17.815274
-39.541733,-17.815674
-39.542076,-17.816417
-39.542247,-17.816702
-39.542875,-17.816873
-39.543504,-17.816931
-39.544189,-17.817444
-39.544760,-17.817787
-39.545502,-17.817901
-39.546245,-17.817787
-39.547158,-17.817616
-39.547844,-17.817387
-39.548529,-17.817273
-39.549614,-17.817273
-39.550356,-17.817216
-39.550985,-17.817102
-39.551441,-17.816759
-39.551727,-17.816359
-39.551955,-17.815903
-39.552012,-17.815617
-39.552469,-17.815274
-39.552926,-17.814989
-39.553383,-17.814703
-39.554125,-17.814532
-39.554696,-17.814361
-39.555439,-17.814246
-39.555953,-17.814132
-39.556467,-17.813904
-39.556981,-17.813904
-39.557438,-17.814132
-39.558066,-17.814132
-39.558637,-17.813790
-39.559208,-17.813390
-39.559493,-17.813047
-39.559779,-17.812705
-39.560179,-17.812533
-39.560636,-17.812533
-39.561264,-17.812191
-39.561664,-17.811848
-39.562178,-17.811505
-39.562520,-17.811163
-39.563148,-17.810763
-39.563719,-17.810592
-39.563840,-17.810506
-39.564119,-17.810306
-39.564862,-17.810477
-39.565261,-17.810649
-39.565889,-17.810934
-39.566232,-17.811334
-39.566518,-17.812019
-39.566860,-17.812419
-39.567488,-17.812705
-39.567888,-17.812762
-39.568516,-17.812647
-39.569145,-17.812362
-39.569887,-17.811848
-39.570401,-17.811277
-39.571315,-17.810363
-39.571886,-17.809792
-39.572114,-17.809221
-39.572457,-17.808364
-39.572685,-17.807965
-39.572857,-17.807279
-39.573085,-17.806537
-39.573485,-17.806023
-39.573999,-17.805738
-39.574855,-17.805395
-39.575369,-17.805281
-39.575712,-17.805166
-39.575997,-17.804995
-39.576169,-17.804595
-39.576226,-17.804253
-39.576340,-17.803853
-39.576568,-17.803168
-39.576911,-17.802768
-39.577311,-17.802311
-39.577882,-17.802026
-39.578681,-17.802026
-39.579081,-17.802026
-39.579367,-17.801911
-39.579881,-17.801569
-39.580280,-17.801055
-39.580680,-17.800255
-39.580852,-17.800027
-39.581365,-17.799570
-39.581937,-17.799513
-39.582393,-17.799684
-39.582907,-17.799741
-39.583536,-17.799456
-39.584050,-17.798999
-39.584621,-17.798485
-39.585249,-17.797743
-39.585877,-17.797229
-39.586505,-17.796600
-39.587076,-17.796429
-39.587704,-17.796429
-39.588104,-17.796715
-39.588390,-17.797114
-39.588447,-17.797514
-39.588504,-17.798257
-39.588789,-17.798713
-39.589189,-17.798828
-39.589589,-17.798828
-39.589817,-17.798656
-39.590103,-17.798257
-39.590274,-17.797857
-39.590503,-17.797457
-39.591131,-17.797514
-39.591759,-17.797514
-39.592558,-17.797514
-39.593130,-17.797286
-39.593472,-17.796772
-39.593929,-17.796429
-39.594671,-17.795972
-39.595128,-17.795572
-39.595814,-17.795572
-39.596442,-17.795858
-39.596499,-17.796486
-39.596613,-17.796772
-39.597127,-17.797000
-39.597584,-17.797343
-39.598498,-17.797343
-39.599411,-17.797343
-39.601067,-17.796715
-39.601467,-17.796144
-39.601467,-17.795744
-39.601239,-17.794659
-39.601410,-17.793973
-39.601581,-17.793631
-39.601753,-17.793288
-39.601753,-17.792546
-39.602609,-17.792260
-39.603352,-17.792203
-39.604094,-17.792203
-39.605522,-17.791918
-39.606378,-17.791975
-39.607121,-17.792146
-39.607463,-17.792831
-39.607749,-17.793517
-39.608720,-17.793859
-39.609633,-17.793859
-39.610262,-17.793745
-39.610833,-17.793402
-39.611290,-17.792660
-39.611632,-17.792032
-39.612260,-17.791518
-39.612831,-17.791118
-39.613517,-17.790604
-39.614602,-17.790319
-39.615687,-17.790262
-39.616715,-17.790147
-39.617457,-17.790090
-39.618314,-17.789976
-39.618999,-17.789519
-39.619856,-17.789005
-39.620712,-17.788777
-39.621398,-17.788891
-39.621969,-17.789291
-39.622654,-17.789748
-39.623568,-17.789748
-39.624082,-17.789519
-39.624767,-17.788777
-39.625966,-17.788034
-39.626309,-17.787406
-39.626937,-17.787121
-39.627622,-17.786835
-39.628079,-17.786664
-39.628479,-17.786892
-39.628707,-17.787235
-39.628821,-17.787749
-39.629335,-17.788091
-39.629735,-17.788377
-39.629964,-17.788777
-39.630135,-17.789291
-39.630363,-17.789633
-39.630820,-17.789976
-39.631334,-17.790147
-39.632134,-17.790433
-39.633047,-17.790604
-39.633904,-17.790833
-39.634418,-17.791175
-39.634703,-17.791518
-39.635217,-17.791861
-39.635903,-17.791861
-39.636417,-17.792089
-39.636474,-17.792489
-39.636474,-17.793060
-39.636931,-17.793060
-39.637502,-17.793003
-39.637844,-17.792717
-39.638244,-17.792546
-39.638929,-17.792546
-39.639158,-17.792888
-39.639558,-17.793117
-39.640129,-17.792888
-39.640586,-17.792717
-39.641271,-17.792888
-39.641728,-17.793460
-39.641956,-17.793859
-39.642299,-17.794373
-39.643041,-17.794545
-39.643898,-17.795173
-39.646068,-17.796258
-39.647210,-17.797057
-39.648295,-17.797400
-39.649380,-17.797743
-39.650008,-17.797857
-39.650693,-17.798142
-39.651093,-17.798485
-39.651150,-17.799056
-39.651379,-17.799741
-39.652007,-17.800084
-39.652292,-17.800369
-39.652578,-17.801226
-39.652921,-17.801283
-39.653320,-17.801112
-39.653834,-17.800941
-39.654405,-17.800883
-39.655091,-17.800598
-39.655376,-17.800027
-39.655605,-17.799741
-39.655776,-17.800141
-39.655719,-17.800655
-39.655490,-17.801340
-39.655890,-17.801854
-39.656404,-17.801512
-39.657089,-17.801055
-39.657718,-17.800255
-39.658117,-17.799399
-39.658746,-17.798770
-39.659545,-17.798656
-39.660287,-17.798599
-39.661144,-17.798656
-39.661944,-17.798713
-39.662800,-17.798885
-39.663543,-17.798885
-39.664399,-17.798828
-39.664913,-17.798485
-39.665027,-17.797857
-39.665084,-17.797057
-39.665256,-17.796658
-39.665770,-17.796658
-39.665998,-17.796543
-39.666284,-17.796029
-39.666512,-17.795572
-39.666969,-17.795630
-39.667369,-17.796144
-39.667711,-17.796258
-39.668225,-17.795801
-39.668511,-17.795287
-39.668739,-17.794944
-39.669025,-17.795401
-39.669367,-17.795116
-39.669596,-17.794602
-39.669824,-17.793688
-39.669996,-17.793060
-39.670681,-17.792774
-39.671480,-17.792774
-39.671937,-17.792946
-39.672337,-17.793517
-39.672908,-17.793631
-39.673765,-17.793517
-39.674507,-17.793345
-39.675250,-17.793345
-39.676277,-17.793517
-39.677020,-17.793517
-39.677991,-17.793517
-39.678733,-17.793460
-39.679190,-17.793003
-39.679418,-17.792317
-39.679875,-17.791918
-39.680903,-17.791918
-39.681474,-17.792032
-39.682331,-17.792546
-39.682731,-17.792888
-39.683359,-17.792717
-39.683930,-17.792203
-39.684158,-17.791575
-39.684901,-17.790947
-39.685415,-17.790547
-39.686157,-17.790147
-39.686785,-17.789576
-39.687242,-17.788320
-39.687299,-17.787292
-39.687813,-17.786664
-39.688277,-17.786509
-39.688546,-17.786079
-39.688784,-17.785746
-39.688903,-17.785294
-39.689093,-17.784985
-39.689498,-17.784985
-39.689783,-17.785294
-39.690440,-17.785921
-39.691182,-17.785921
-39.691925,-17.785864
-39.692496,-17.785236
-39.692724,-17.784437
-39.692724,-17.783580
-39.692781,-17.782780
-39.692486,-17.782291
-39.692397,-17.782023
-39.692100,-17.781696
-39.691981,-17.781399
-39.691981,-17.781012
-39.692278,-17.780655
-39.692784,-17.780387
-39.693260,-17.780268
-39.693825,-17.780149
-39.694419,-17.780030
-39.694955,-17.780030
-39.695490,-17.780030
-39.696055,-17.780030
-39.696502,-17.779971
-39.696739,-17.779793
-39.696799,-17.779495
-39.696799,-17.779198
-39.696918,-17.779227
-39.697305,-17.779436
-39.697632,-17.779525
-39.698492,-17.779640
-39.698949,-17.779868
-39.699406,-17.780325
-39.699748,-17.780325
-39.700377,-17.779811
-39.701119,-17.779183
-39.701462,-17.778497
-39.701747,-17.777926
-39.701747,-17.777298
-39.701747,-17.776613
-39.701976,-17.776156
-39.702547,-17.776042
-39.703289,-17.775985
-39.704317,-17.775699
-39.705059,-17.775471
-39.705802,-17.775185
-39.706144,-17.774557
-39.706487,-17.773700
-39.706944,-17.772901
-39.707915,-17.772615
-39.708828,-17.772615
-39.709457,-17.772730
-39.710142,-17.773015
-39.710827,-17.773472
-39.711512,-17.773872
-39.712367,-17.773448
-39.712653,-17.773115
-39.713176,-17.772496
-39.713652,-17.771925
-39.714271,-17.771307
-39.714985,-17.770831
-39.715508,-17.770450
-39.716412,-17.770307
-39.716984,-17.770307
-39.717650,-17.770260
-39.718221,-17.770355
-39.718887,-17.770402
-39.719458,-17.770069
-39.719744,-17.769784
-39.720315,-17.769689
-39.721314,-17.769593
-39.721695,-17.769355
-39.722123,-17.769165
-39.722694,-17.768975
-39.723456,-17.768879
-39.723932,-17.768546
-39.724169,-17.768213
-39.724265,-17.767785
-39.724598,-17.767404
-39.725169,-17.767357
-39.725740,-17.767547
-39.727120,-17.767261
-39.727548,-17.766976
-39.728024,-17.766738
-39.728643,-17.766548
-39.729262,-17.766262
-39.729690,-17.765834
-39.730023,-17.765596
-39.730689,-17.765596
-39.731308,-17.765596
-39.731879,-17.765834
-39.732498,-17.765977
-39.733164,-17.765881
-39.733545,-17.765453
-39.733830,-17.765072
-39.734116,-17.764882
-39.734639,-17.764549
-39.735020,-17.764168
-39.735829,-17.763835
-39.736543,-17.763787
-39.737019,-17.763312
-39.737209,-17.762788
-39.737352,-17.762407
-39.737494,-17.761836
-39.737732,-17.761360
-39.738351,-17.760980
-39.738970,-17.760884
-39.739446,-17.760551
-39.739779,-17.760313
-39.739922,-17.760123
-39.740588,-17.760123
-39.740921,-17.759885
-39.741111,-17.759600
-39.741254,-17.759266
-39.741730,-17.758933
-39.742158,-17.758838
-39.742872,-17.758838
-39.743919,-17.758933
-39.744728,-17.758838
-39.745489,-17.758505
-39.746441,-17.757982
-39.747345,-17.756887
-39.747916,-17.756459
-39.748392,-17.755983
-39.748868,-17.755555
-39.749344,-17.754936
-39.749344,-17.754650
-39.749868,-17.754270
-39.750915,-17.754127
-39.752152,-17.754079
-39.753009,-17.753984
-39.753960,-17.753080
-39.754389,-17.752414
-39.754865,-17.751795
-39.755626,-17.751176
-39.756197,-17.750938
-39.757054,-17.750653
-39.757672,-17.750367
-39.758196,-17.749891
-39.758576,-17.749368
-39.759338,-17.749225
-39.760099,-17.749368
-39.760766,-17.749511
-39.761479,-17.749653
-39.762003,-17.749749
-39.762622,-17.749749
-39.763431,-17.749749
-39.764620,-17.749749
-39.765239,-17.750034
-39.765620,-17.750605
-39.765858,-17.751176
-39.766429,-17.751557
-39.767333,-17.751985
-39.767904,-17.751795
-39.768047,-17.751224
-39.768665,-17.751224
-39.769522,-17.751462
-39.769950,-17.751938
-39.770759,-17.751890
-39.771283,-17.751605
-39.771901,-17.751319
-39.772425,-17.751271
-39.772996,-17.751224
-39.773995,-17.751129
-39.775375,-17.750653
-39.776232,-17.750367
-39.777422,-17.750034
-39.778897,-17.749939
-39.780039,-17.749844
-39.781229,-17.749511
-39.781943,-17.749082
-39.782514,-17.748035
-39.783180,-17.747512
-39.783656,-17.747084
-39.784417,-17.746941
-39.785512,-17.746893
-39.786607,-17.746893
-39.788177,-17.746846
-39.789462,-17.746703
-39.790509,-17.746370
-39.791508,-17.745894
-39.792032,-17.745180
-39.792365,-17.744561
-39.792698,-17.744038
-39.792983,-17.743657
-39.793221,-17.743514
-39.793650,-17.743276
-39.794459,-17.743419
-39.795173,-17.743848
-39.795934,-17.744133
-39.796553,-17.744371
-39.797029,-17.744323
-39.797790,-17.744086
-39.798551,-17.744086
-39.799360,-17.744228
-39.799979,-17.744561
-39.800550,-17.744657
-39.801264,-17.744657
-39.802216,-17.744657
-39.803263,-17.744466
-39.803786,-17.744228
-39.804357,-17.744086
-39.805309,-17.743895
-39.805880,-17.743800
-39.806356,-17.743943
-39.806880,-17.744419
-39.807403,-17.745656
-39.807974,-17.746227
-39.808688,-17.746655
-39.809354,-17.746846
-39.810401,-17.747036
-39.811210,-17.747655
-39.811781,-17.748226
-39.812305,-17.748892
-39.812923,-17.749415
-39.813590,-17.750082
-39.814446,-17.750938
-39.815398,-17.751557
-39.816159,-17.752366
-39.816778,-17.752842
-39.817682,-17.753365
-39.818396,-17.753984
-39.819300,-17.754508
-39.820490,-17.754841
-39.821537,-17.755507
-39.822108,-17.756078
-39.822441,-17.756078
-39.823679,-17.756935
-39.824202,-17.757553
-39.824583,-17.758267
-39.825059,-17.758743
-39.825820,-17.759029
-39.827295,-17.759076
-39.828723,-17.759219
-39.829818,-17.759219
-39.830960,-17.759219
-39.831674,-17.758743
-39.832197,-17.758505
-39.833149,-17.758600
-39.834529,-17.759124
-39.835290,-17.759457
-39.836004,-17.760028
-39.836670,-17.760504
-39.837384,-17.760980
-39.838384,-17.761265
-39.839002,-17.761408
-39.839716,-17.761789
-39.840287,-17.762407
-39.841144,-17.762978
-39.842191,-17.764216
-39.843618,-17.765310
-39.844856,-17.765405
-39.845903,-17.765310
-39.846950,-17.765215
-39.848092,-17.765120
-39.849377,-17.764930
-39.849567,-17.764692
-39.850376,-17.764692
-39.851233,-17.764692
-39.852184,-17.764454
-39.852946,-17.764406
-39.853803,-17.764406
-39.854516,-17.764359
-39.855563,-17.764073
-39.856705,-17.764168
-39.857562,-17.764168
-39.858366,-17.763726
-39.858709,-17.762984
-39.858937,-17.762356
-39.859109,-17.761042
-39.859109,-17.760357
-39.859223,-17.759558
-39.859680,-17.758929
-39.860022,-17.758301
-39.860194,-17.757387
-39.860536,-17.756417
-39.860708,-17.755674
-39.860936,-17.754989
-39.861279,-17.754189
-39.861679,-17.753276
-39.862364,-17.752419
-39.863049,-17.751677
-39.863734,-17.751220
-39.864477,-17.750649
-39.865219,-17.750021
-39.865847,-17.749335
-39.866133,-17.748593
-39.866247,-17.747851
-39.866704,-17.747051
-39.867161,-17.746423
-39.867675,-17.745966
-39.868588,-17.745395
-39.869217,-17.744824
-39.869845,-17.744139
-39.870473,-17.743682
-39.871273,-17.743282
-39.871844,-17.742939
-39.872415,-17.742483
-39.872929,-17.741740
-39.872929,-17.740884
-39.872929,-17.740198
-39.872986,-17.739170
-39.873214,-17.738371
-39.873728,-17.737914
-39.874585,-17.737400
-39.875441,-17.737114
-39.876070,-17.736829
-39.876755,-17.736543
-39.876983,-17.736258
-39.877326,-17.735458
-39.877383,-17.734373
-39.877383,-17.733517
-39.877611,-17.732717
-39.877897,-17.731804
-39.878240,-17.731518
-39.878639,-17.730547
-39.878925,-17.729691
-39.879096,-17.728834
-39.879210,-17.727863
-39.879382,-17.727235
-39.879781,-17.726664
-39.880353,-17.725864
-39.880752,-17.725179
-39.880981,-17.724437
-39.881380,-17.723580
-39.881723,-17.722723
-39.882066,-17.721924
-39.882294,-17.721296
-39.882580,-17.720439
-39.882979,-17.719754
-39.883493,-17.719297
-39.884179,-17.719297
-39.884750,-17.719240
-39.885092,-17.718897
-39.885378,-17.718555
-39.886006,-17.718326
-39.886406,-17.718098
-39.886863,-17.717355
-39.887548,-17.716670
-39.888348,-17.716385
-39.888747,-17.716385
-39.889261,-17.716727
-39.889947,-17.716784
-39.890460,-17.716213
-39.890518,-17.715642
-39.890289,-17.714843
-39.890004,-17.713187
-39.889490,-17.711359
-39.889204,-17.710217
-39.889204,-17.709703
-39.889204,-17.709475
-39.888976,-17.709075
-39.888633,-17.708675
-39.888519,-17.708447
-39.888519,-17.707704
-39.888519,-17.706905
-39.888576,-17.706391
-39.889033,-17.705820
-39.889490,-17.705534
-39.890232,-17.705306
-39.890803,-17.704678
-39.891032,-17.703992
-39.891260,-17.702622
-39.891146,-17.701908
-39.890860,-17.701123
-39.890860,-17.700766
-39.891645,-17.700338
-39.892502,-17.699981
-39.893145,-17.699481
-39.893787,-17.698981
-39.894358,-17.698053
-39.895072,-17.697197
-39.895714,-17.696554
-39.896214,-17.695840
-39.896856,-17.694841
-39.897428,-17.694341
-39.898284,-17.694056
-39.899069,-17.693556
-39.899855,-17.693056
-39.900711,-17.692557
-39.901282,-17.691700
-39.901282,-17.690558
-39.901282,-17.689559
-39.901282,-17.688773
-39.901068,-17.687917
-39.901068,-17.687203
-39.901639,-17.686560
-39.902424,-17.685918
-39.903638,-17.685490
-39.904637,-17.685204
-39.905851,-17.685061
-39.906922,-17.684633
-39.907707,-17.684704
-39.908492,-17.684847
-39.909777,-17.684633
-39.910848,-17.684348
-39.911562,-17.683634
-39.911990,-17.682920
-39.911990,-17.682135
-39.912490,-17.681920
-39.913489,-17.681635
-39.913917,-17.680993
-39.914845,-17.679993
-39.915987,-17.679636
-39.916701,-17.679708
-39.917701,-17.679708
-39.918629,-17.679279
-39.918914,-17.678637
-39.918985,-17.677923
-39.919057,-17.677352
-39.919842,-17.676638
-39.921056,-17.676210
-39.921841,-17.675781
-39.923768,-17.674711
-39.924768,-17.674211
-39.926124,-17.673426
-39.926624,-17.672712
-39.926980,-17.671855
-39.927623,-17.671356
-39.928480,-17.670999
-39.929265,-17.670856
-39.930050,-17.670428
-39.931263,-17.670071
-39.932049,-17.670071
-39.932977,-17.670285
-39.933976,-17.670499
-39.934975,-17.670785
-39.935689,-17.670499
-39.936189,-17.670214
-39.936546,-17.669642
-39.936974,-17.669214
-39.937688,-17.668786
-39.938259,-17.668643
-39.939116,-17.668857
-39.939830,-17.668857
-39.941257,-17.668857
-39.942542,-17.668857
-39.943613,-17.668786
-39.944541,-17.668500
-39.945112,-17.667929
-39.946254,-17.667929
-39.947039,-17.668215
-39.948039,-17.668215
-39.949395,-17.667644
-39.950323,-17.666930
-39.950537,-17.666002
-39.950751,-17.665788
-39.951465,-17.665288
-39.952679,-17.664931
-39.953607,-17.665145
-39.954392,-17.665574
-39.955034,-17.665859
-39.955534,-17.665859
-39.956034,-17.665859
-39.957033,-17.666073
-39.957604,-17.666573
-39.958461,-17.666930
-39.959246,-17.667287
-39.960388,-17.667215
-39.960674,-17.666859
-39.960888,-17.666573
-39.962030,-17.666502
-39.963029,-17.666502
-39.963886,-17.666502
-39.964743,-17.666073
-39.965385,-17.665074
-39.966384,-17.664574
-39.967098,-17.663860
-39.967955,-17.663432
-39.968526,-17.662790
-39.969240,-17.661933
-39.970239,-17.661576
-39.971595,-17.661647
-39.972523,-17.662219
-39.973166,-17.662575
-39.974237,-17.662504
-39.975307,-17.662361
-39.975878,-17.662290
-39.976521,-17.662290
-39.977377,-17.662718
-39.978163,-17.662718
-39.978805,-17.662575
-39.979804,-17.662718
-39.980376,-17.663147
-39.981161,-17.663361
-39.981875,-17.663361
-39.982232,-17.663075
-39.983088,-17.663004
-39.983945,-17.663218
-39.984587,-17.663289
-39.985016,-17.663218
-39.986443,-17.663218
-39.987728,-17.663147
-39.988513,-17.662433
-39.988727,-17.662219
-39.989299,-17.662219
-39.990155,-17.662575
-39.990512,-17.662932
-39.991155,-17.662932
-39.991797,-17.662575
-39.992439,-17.662361
-39.993010,-17.661933
-39.993082,-17.661433
-39.992939,-17.660934
-39.993010,-17.660505
-39.993296,-17.660220
-39.993225,-17.659720
-39.993010,-17.659363
-39.993153,-17.659078
-39.994367,-17.659006
-39.995223,-17.659435
-39.995866,-17.659792
-39.996794,-17.660291
-39.997365,-17.660434
-39.998293,-17.660006
-39.998793,-17.659292
-39.999506,-17.658935
-40.000791,-17.659220
-40.001648,-17.659577
-40.002219,-17.659934
-40.002719,-17.660505
-40.003147,-17.660577
-40.003718,-17.660363
-40.005003,-17.660148
-40.005645,-17.660006
-40.006788,-17.659363
-40.007359,-17.658864
-40.008001,-17.658078
-40.008358,-17.657436
-40.008644,-17.657079
-40.009500,-17.656936
-40.009857,-17.657150
-40.010214,-17.657150
-40.011071,-17.657079
-40.011856,-17.656436
-40.012141,-17.655937
-40.012498,-17.655723
-40.013141,-17.655508
-40.013926,-17.655223
-40.014568,-17.654580
-40.015068,-17.654081
-40.015496,-17.653153
-40.015639,-17.652296
-40.015711,-17.651582
-40.015925,-17.651154
-40.016353,-17.650654
-40.016567,-17.649798
-40.016781,-17.648870
-40.017067,-17.648227
-40.017567,-17.647442
-40.018066,-17.646871
-40.018851,-17.646586
-40.018923,-17.646157
-40.018923,-17.645800
-40.018923,-17.645015
-40.019137,-17.644587
-40.019637,-17.643730
-40.020208,-17.643159
-40.020779,-17.642588
-40.021278,-17.641660
-40.021778,-17.640875
-40.022349,-17.640589
-40.023206,-17.640161
-40.023848,-17.639519
-40.023920,-17.638947
-40.023920,-17.638305
-40.024277,-17.637734
-40.024990,-17.637377
-40.025562,-17.637306
-40.026204,-17.636806
-40.026632,-17.636092
-40.026918,-17.635235
-40.026989,-17.634593
-40.027061,-17.633808
-40.027418,-17.632737
-40.027989,-17.632095
-40.028917,-17.631309
-40.029702,-17.630596
-40.029987,-17.630024
-40.030201,-17.629525
-40.030416,-17.629311
-40.030701,-17.629096
-40.031201,-17.628811
-40.032272,-17.628454
-40.033128,-17.628097
-40.034056,-17.627740
-40.034556,-17.627526
-40.035484,-17.626812
-40.036412,-17.626098
-40.037340,-17.625313
-40.037911,-17.624956
-40.038839,-17.625028
-40.039410,-17.625099
-40.040052,-17.625028
-40.040338,-17.624813
-40.041195,-17.624528
-40.041837,-17.624528
-40.042479,-17.624528
-40.043479,-17.624813
-40.044764,-17.625099
-40.046263,-17.625385
-40.047334,-17.625741
-40.047814,-17.627178
-40.048247,-17.628300
-40.049335,-17.632082
-40.098405,-17.638277
-40.098976,-17.637535
-40.099376,-17.636906
-40.100061,-17.636450
-40.100861,-17.636164
-40.102460,-17.636050
-40.104001,-17.636050
-40.105258,-17.636507
-40.106171,-17.637135
-40.106628,-17.637478
-40.107713,-17.638049
-40.108170,-17.638163
-40.108741,-17.638448
-40.109141,-17.639191
-40.109941,-17.640333
-40.111311,-17.641361
-40.112225,-17.642046
-40.113653,-17.641989
-40.115423,-17.641761
-40.116736,-17.641532
-40.117993,-17.640790
-40.118935,-17.639947
-40.119078,-17.639819
-40.119535,-17.639191
-40.119706,-17.638563
-40.119706,-17.637763
-40.119706,-17.636964
-40.119649,-17.636221
-40.119649,-17.635536
-40.119535,-17.634908
-40.119535,-17.633994
-40.119477,-17.632909
-40.119363,-17.631196
-40.119649,-17.630853
-40.119649,-17.629654
-40.119877,-17.628854
-40.120220,-17.628283
-40.120791,-17.627826
-40.121134,-17.627198
-40.121134,-17.626456
-40.121305,-17.625485
-40.121476,-17.625200
-40.121819,-17.624571
-40.121819,-17.623715
-40.121990,-17.622972
-40.122276,-17.622344
-40.123132,-17.621659
-40.123760,-17.621259
-40.124674,-17.620859
-40.125702,-17.619660
-40.125759,-17.618975
-40.126273,-17.618175
-40.126958,-17.617547
-40.127130,-17.616805
-40.127244,-17.616005
-40.127587,-17.615434
-40.128500,-17.615092
-40.129928,-17.614806
-40.130956,-17.614292
-40.131470,-17.613435
-40.131984,-17.612522
-40.132384,-17.611894
-40.133126,-17.611494
-40.134782,-17.610923
-40.136153,-17.610352
-40.137466,-17.609723
-40.138380,-17.608638
-40.138437,-17.607553
-40.138094,-17.606697
-40.137580,-17.606012
-40.137238,-17.605212
-40.137238,-17.604584
-40.137466,-17.603899
-40.137980,-17.603327
-40.138837,-17.603042
-40.139865,-17.602928
-40.140721,-17.602585
-40.141235,-17.602185
-40.141464,-17.601500
-40.141464,-17.600643
-40.141692,-17.599787
-40.141978,-17.599102
-40.142492,-17.598759
-40.143177,-17.598416
-40.144091,-17.597845
-40.144833,-17.597160
-40.145347,-17.596246
-40.145918,-17.595275
-40.146261,-17.594761
-40.147231,-17.594362
-40.148659,-17.594076
-40.149687,-17.593391
-40.150658,-17.592420
-40.151172,-17.591678
-40.152314,-17.591107
-40.153171,-17.590421
-40.153513,-17.589964
-40.153799,-17.589051
-40.154484,-17.587737
-40.154884,-17.587280
-40.155798,-17.586709
-40.156654,-17.586310
-40.157682,-17.585910
-40.158367,-17.585396
-40.159053,-17.584596
-40.159795,-17.583626
-40.160309,-17.583054
-40.161051,-17.582541
-40.161394,-17.582255
-40.162022,-17.581912
-40.162765,-17.581684
-40.163564,-17.581227
-40.164021,-17.580599
-40.164592,-17.580142
-40.165392,-17.579742
-40.166648,-17.579400
-40.167790,-17.579000
-40.168418,-17.578771
-40.168875,-17.578543
-40.169446,-17.578200
-40.170017,-17.577915
-40.170931,-17.577744
-40.171959,-17.577972
-40.172758,-17.578086
-40.174015,-17.577972
-40.174985,-17.577458
-40.175271,-17.576887
-40.175614,-17.576430
-40.176071,-17.576145
-40.177098,-17.575745
-40.178526,-17.575231
-40.179668,-17.574945
-40.181153,-17.574089
-40.182752,-17.573004
-40.183666,-17.572490
-40.184294,-17.571690
-40.184465,-17.571176
-40.184694,-17.570377
-40.184922,-17.569806
-40.185436,-17.569177
-40.186007,-17.568035
-40.186007,-17.567122
-40.186007,-17.566893
-40.186007,-17.566208
-40.186007,-17.565466
-40.186064,-17.564837
-40.186521,-17.564266
-40.187321,-17.563924
-40.187949,-17.563467
-40.188291,-17.563181
-40.189091,-17.562781
-40.189776,-17.562896
-40.190119,-17.563295
-40.191033,-17.563238
-40.191889,-17.563124
-40.192346,-17.562610
-40.192689,-17.562210
-40.193602,-17.561982
-40.194288,-17.562153
-40.195030,-17.562382
-40.195887,-17.562153
-40.196458,-17.561354
-40.197029,-17.560840
-40.197657,-17.560269
-40.198399,-17.559412
-40.199313,-17.558955
-40.200398,-17.559012
-40.201026,-17.559355
-40.201540,-17.559983
-40.202283,-17.560383
-40.203425,-17.560383
-40.204339,-17.560212
-40.204967,-17.559583
-40.205252,-17.558841
-40.205880,-17.558270
-40.206794,-17.558270
-40.207822,-17.558498
-40.208679,-17.558270
-40.209307,-17.558042
-40.210335,-17.558042
-40.211134,-17.558384
-40.211934,-17.558841
-40.212562,-17.559070
-40.213647,-17.559469
-40.213933,-17.560040
-40.214161,-17.560669
-40.214618,-17.561011
-40.214903,-17.560897
-40.215474,-17.560497
-40.215817,-17.560097
-40.216388,-17.559641
-40.217302,-17.559469
-40.218672,-17.558841
-40.219415,-17.558498
-40.220329,-17.557927
-40.221356,-17.557585
-40.222042,-17.557071
-40.222613,-17.556443
-40.222898,-17.555757
-40.223526,-17.555358
-40.224155,-17.555529
-40.225011,-17.555643
-40.226211,-17.555643
-40.227124,-17.555529
-40.227867,-17.555015
-40.228552,-17.553930
-40.228495,-17.553130
-40.228381,-17.552559
-40.228381,-17.551988
-40.228780,-17.551931
-40.229637,-17.552388
-40.230722,-17.553016
-40.231750,-17.553016
-40.233063,-17.552845
-40.233577,-17.552331
-40.234320,-17.551760
-40.235119,-17.550846
-40.235805,-17.549476
-40.236090,-17.548276
-40.236490,-17.547191
-40.237803,-17.545878
-40.238204,-17.545617
-40.236941,-17.542479
-40.242845,-17.508729
-40.247885,-17.470626
-40.254529,-17.463484
-40.255434,-17.457690
-40.250321,-17.452204
-40.256059,-17.408821
-40.226417,-17.406624
-40.222100,-17.406877
-40.220668,-17.414792
-40.218299,-17.418560
-40.215386,-17.421952
-40.211782,-17.425438
-40.207091,-17.430384
-40.205117,-17.432833
-40.200455,-17.438144
-40.199541,-17.439185
-40.181122,-17.430536
-40.164682,-17.448790
-40.150794,-17.449211
-40.126974,-17.451688
-40.113604,-17.448890
-40.108365,-17.444131
-40.103083,-17.452458
-40.096822,-17.456557
-40.087301,-17.456827
-40.065936,-17.461703
-40.057912,-17.453918
-40.049869,-17.473141
-40.045354,-17.473855
-40.036072,-17.475221
-40.033999,-17.475644
-40.033061,-17.475550
-40.030839,-17.475173
-40.022594,-17.473337
-40.015978,-17.471924
-40.014942,-17.471783
-40.014300,-17.471783
-40.013164,-17.471736
-40.012078,-17.471547
-40.011436,-17.471359
-40.010301,-17.470888
-40.009560,-17.470794
-40.008820,-17.470747
-40.007882,-17.470747
-40.006302,-17.470558
-40.003192,-17.469946
-39.992873,-17.467497
-39.981913,-17.465237
-39.974803,-17.464012
-39.972582,-17.463636
-39.971940,-17.463588
-39.971298,-17.463588
-39.968171,-17.459657
-39.934042,-17.461112
-39.934209,-17.475061
-39.901266,-17.505469
-39.896148,-17.506322
-39.896148,-17.506679
-39.896148,-17.507179
-39.895291,-17.507536
-39.894292,-17.507322
-39.893792,-17.507179
-39.892935,-17.507250
-39.892650,-17.508035
-39.892221,-17.509035
-39.891793,-17.510106
-39.891793,-17.511034
-39.891650,-17.512247
-39.891151,-17.512747
-39.890651,-17.513246
-39.890294,-17.513818
-39.889866,-17.514174
-39.889152,-17.514531
-39.888510,-17.514603
-39.887938,-17.515102
-39.887653,-17.515459
-39.887225,-17.516030
-39.886511,-17.516673
-39.885583,-17.517030
-39.884298,-17.517458
-39.883227,-17.517744
-39.882085,-17.517958
-39.881014,-17.517886
-39.880229,-17.518172
-39.879658,-17.519029
-39.879372,-17.519742
-39.879087,-17.520956
-39.878873,-17.522312
-39.878516,-17.523597
-39.878016,-17.524597
-39.877445,-17.524811
-39.876945,-17.525310
-39.876446,-17.526167
-39.876374,-17.526667
-39.876089,-17.527523
-39.875732,-17.528308
-39.875375,-17.529094
-39.874947,-17.529665
-39.874732,-17.530236
-39.874518,-17.530736
-39.873876,-17.531164
-39.873376,-17.531449
-39.872948,-17.531806
-39.872591,-17.532449
-39.872234,-17.533163
-39.872234,-17.533662
-39.872160,-17.535244
-39.871875,-17.535587
-39.871589,-17.535986
-39.871361,-17.536443
-39.871018,-17.536786
-39.870847,-17.536843
-39.870390,-17.537129
-39.870045,-17.537083
-39.869777,-17.537083
-39.869480,-17.537083
-39.869290,-17.537095
-39.869266,-17.537250
-39.869302,-17.537357
-39.869325,-17.537488
-39.869302,-17.537619
-39.869028,-17.537999
-39.868683,-17.538345
-39.868314,-17.538594
-39.867993,-17.538785
-39.867576,-17.538904
-39.867339,-17.539046
-39.867327,-17.539201
-39.867315,-17.539415
-39.867267,-17.539618
-39.867196,-17.539772
-39.867101,-17.539974
-39.866982,-17.540224
-39.866803,-17.540498
-39.866571,-17.540662
-39.866452,-17.541048
-39.866304,-17.541405
-39.866214,-17.541911
-39.865768,-17.542060
-39.865411,-17.541941
-39.865203,-17.541881
-39.864876,-17.541881
-39.864489,-17.542119
-39.864341,-17.542387
-39.864341,-17.542655
-39.864251,-17.543011
-39.864013,-17.543220
-39.863597,-17.543368
-39.863419,-17.543666
-39.863478,-17.543934
-39.863657,-17.544052
-39.863835,-17.544142
-39.864103,-17.544290
-39.864132,-17.544439
-39.864013,-17.544707
-39.863865,-17.544826
-39.863627,-17.544856
-39.863329,-17.544856
-39.862972,-17.544439
-39.862675,-17.544201
-39.862229,-17.543993
-39.861783,-17.543993
-39.861456,-17.544469
-39.861456,-17.544975
-39.861575,-17.545242
-39.855942,-17.546900
-39.839169,-17.558947
-39.838752,-17.559304
-39.838217,-17.559720
-39.837444,-17.560374
-39.836968,-17.560672
-39.836313,-17.560910
-39.835600,-17.561326
-39.835421,-17.561624
-39.835362,-17.562397
-39.835362,-17.563527
-39.835362,-17.564360
-39.835183,-17.564836
-39.834826,-17.565431
-39.834172,-17.565966
-39.833577,-17.566204
-39.832804,-17.566561
-39.832328,-17.566561
-39.832030,-17.566680
-39.831495,-17.567156
-39.831079,-17.567870
-39.830543,-17.568227
-39.830186,-17.568643
-39.829591,-17.568762
-39.829115,-17.568940
-39.828342,-17.569357
-39.827450,-17.570190
-39.826855,-17.570487
-39.826082,-17.570785
-39.825665,-17.571082
-39.825606,-17.571677
-39.825546,-17.572450
-39.825427,-17.573342
-39.825070,-17.573997
-39.824357,-17.574889
-39.823643,-17.575424
-39.822869,-17.576019
-39.822275,-17.576555
-39.821739,-17.577269
-39.821323,-17.577685
-39.820787,-17.577982
-39.819955,-17.578101
-39.819360,-17.578399
-39.818824,-17.579172
-39.817516,-17.580183
-39.799075,-17.602253
-39.796517,-17.602550
-39.795387,-17.602015
-39.794613,-17.601717
-39.794078,-17.601717
-39.793721,-17.602253
-39.793780,-17.602907
-39.794137,-17.603562
-39.794197,-17.604097
-39.793959,-17.605049
-39.793305,-17.605941
-39.792650,-17.606238
-39.791758,-17.606476
-39.790628,-17.606774
-39.789497,-17.607131
-39.788427,-17.607547
-39.787713,-17.607904
-39.786999,-17.608380
-39.786702,-17.609332
-39.785512,-17.609808
-39.785333,-17.609927
-39.784976,-17.611176
-39.784263,-17.612128
-39.783430,-17.612901
-39.782478,-17.613377
-39.768522,-17.626314
-39.762518,-17.623831
-39.759946,-17.618632
-39.751093,-17.617558
-39.744796,-17.616267
-39.710742,-17.601732
-39.708164,-17.599639
-39.691190,-17.593382
-39.666147,-17.582687
-39.635713,-17.569689
-39.612149,-17.559626
-39.610790,-17.556882
-39.609759,-17.556667
-39.606790,-17.556725
-39.606013,-17.557008
-39.605087,-17.557537
-39.603838,-17.558114
-39.602717,-17.558632
-39.602273,-17.558773
-39.601754,-17.558667
-39.601347,-17.558561
-39.600125,-17.558314
-39.598607,-17.557855
-39.597829,-17.557749
-39.597237,-17.557926
-39.596200,-17.558561
-39.595305,-17.559314
-39.594812,-17.559691
-39.594367,-17.559973
-39.593676,-17.560444
-39.592985,-17.560726
-39.592146,-17.561150
-39.591553,-17.561668
-39.590862,-17.562279
-39.589924,-17.563033
-39.586468,-17.565009
-39.584444,-17.565810
-39.583506,-17.565810
-39.582469,-17.565621
-39.581827,-17.565386
-39.581284,-17.565057
-39.580840,-17.564774
-39.580247,-17.564633
-39.579457,-17.564539
-39.578717,-17.564539
-39.577828,-17.564774
-39.577335,-17.564962
-39.576643,-17.565009
-39.576199,-17.564915
-39.575755,-17.564680
-39.574965,-17.564398
-39.571181,-17.565524
-39.570176,-17.566563
-39.569534,-17.566704
-39.563840,-17.568824
-39.561190,-17.569810
-39.559067,-17.570328
-39.556698,-17.570799
-39.549786,-17.571081
-39.547847,-17.571017
-39.546922,-17.570987
-39.545836,-17.571081
-39.545194,-17.571317
-39.543656,-17.572478
-39.542158,-17.573765
-39.540246,-17.574689
-39.535296,-17.577247
-39.531543,-17.579192
-39.529964,-17.579192
-39.527067,-17.579192
-39.526606,-17.578941
-39.524368,-17.576619
-39.522591,-17.574737
-39.521340,-17.573733
-39.520814,-17.573105
-39.519892,-17.572791
-39.518641,-17.572729
-39.517588,-17.572289
-39.516996,-17.572289
-39.516403,-17.571913
-39.515547,-17.571160
-39.514823,-17.570595
-39.513968,-17.569842
-39.512651,-17.569402
-39.511203,-17.569089
-39.508899,-17.569026
-39.500802,-17.569277
-39.496523,-17.569402
-39.493495,-17.569340
-39.491941,-17.569705
-39.466253,-17.595372
-39.465781,-17.605800
-39.465424,-17.606585
-39.465138,-17.607299
-39.464996,-17.608084
-39.464924,-17.608798
-39.464567,-17.609584
-39.464496,-17.610012
-39.464781,-17.610583
-39.465067,-17.611154
-39.465281,-17.611868
-39.465424,-17.612653
-39.464710,-17.614152
-39.464282,-17.614866
-39.463925,-17.615437
-39.463925,-17.615937
-39.464068,-17.616651
-39.464282,-17.617650
-39.464567,-17.618721
-39.465353,-17.619934
-39.465424,-17.621290
-39.465924,-17.622147
-39.466352,-17.622575
-39.466423,-17.623361
-39.466423,-17.624217
-39.466423,-17.624860
-39.466066,-17.625859
-39.465709,-17.626716
-39.465495,-17.627501
-39.465495,-17.628357
-39.465924,-17.629214
-39.466352,-17.629857
-39.466495,-17.630713
-39.466066,-17.631284
-39.465424,-17.631641
-39.464781,-17.632069
-39.464210,-17.632783
-39.463782,-17.633569
-39.463425,-17.634425
-39.463140,-17.635424
-39.463068,-17.636352
-39.463211,-17.637566
-39.460195,-17.638948
-39.446778,-17.647551
-39.441382,-17.655544
-39.439977,-17.655715
-39.433110,-17.656549
-39.426844,-17.657310
-39.391915,-17.662470
-39.341708,-17.655723
-39.339353,-17.655937
-39.337497,-17.655937
-39.336783,-17.656222
-39.335926,-17.656365
-39.335141,-17.656080
-39.334284,-17.655580
-39.333285,-17.655509
-39.332357,-17.655580
-39.331643,-17.656080
-39.330787,-17.656651
-39.330001,-17.657150
-39.329216,-17.657722
-39.328360,-17.658078
-39.327503,-17.658364
-39.326575,-17.658364
-39.325647,-17.658364
-39.324719,-17.658364
-39.324291,-17.658007
-39.323791,-17.657507
-39.322720,-17.657150
-39.321578,-17.656936
-39.320721,-17.656794
-39.320365,-17.656222
-39.319793,-17.656080
-39.319222,-17.655937
-39.318651,-17.655794
-39.318080,-17.655437
-39.317723,-17.655009
-39.317295,-17.654438
-39.316504,-17.652954
-39.316219,-17.653696
-39.315533,-17.653925
-39.314106,-17.653354
-39.313078,-17.652783
-39.312164,-17.652326
-39.311650,-17.651755
-39.311079,-17.651184
-39.310222,-17.650841
-39.309480,-17.650613
-39.308623,-17.650613
-39.308052,-17.651069
-39.306396,-17.650670
-39.305768,-17.650613
-39.305026,-17.650613
-39.304683,-17.650784
-39.303826,-17.651127
-39.244908,-17.643813
-39.161888,-17.683144
-39.137303,-17.684846
-39.136622,-17.686481
-39.136395,-17.687353
-39.136283,-17.688661
-39.136170,-17.689751
-39.136398,-17.691276
-39.143680,-17.697701
-39.160747,-17.713162
-39.164617,-17.717082
-39.167690,-17.720239
-39.169056,-17.721873
-39.173493,-17.724702
-39.179182,-17.728293
-39.180548,-17.729273
-39.182028,-17.730797
-39.183963,-17.732430
-39.184426,-17.733228
-39.186380,-17.735420
-39.187312,-17.737247
-39.188058,-17.738362
-39.188322,-17.738865
-39.188973,-17.739073
-39.189998,-17.740053
-39.191250,-17.741468
-39.192161,-17.742230
-39.192957,-17.742229
-39.195004,-17.742227
-39.196027,-17.742226
-39.196696,-17.742517
-39.198070,-17.742767
-39.198908,-17.743302
-39.201237,-17.744370
-39.202215,-17.744949
-39.202587,-17.745216
-39.202782,-17.746360
-39.202969,-17.746687
-39.203656,-17.750827
-39.204230,-17.755295
-39.204781,-17.757294
-39.204233,-17.758455
-39.204235,-17.759654
-39.204236,-17.760961
-39.204125,-17.763468
-39.204013,-17.764340
-39.203103,-17.764777
-39.202080,-17.765323
-39.201740,-17.765868
-39.201626,-17.766304
-39.202310,-17.767611
-39.203108,-17.769027
-39.205955,-17.772184
