-42.8859499599999,-22.8675849040000
-42.9025140099999,-22.8781661309999
-42.9228735910000,-22.8820510570000
-42.9545656459999,-22.8920885229999
-42.9547012749999,-22.9006166660000
-42.9552611230000,-22.9007659590000
-42.9568123810000,-22.9006601080000
-42.9594552640000,-22.9006601080000
-42.9607767049999,-22.9010305859999
-42.9649708460000,-22.9025654129999
-42.9687628089999,-22.9043119190000
-42.9719802320000,-22.9060054800000
-42.9731867660000,-22.9064817899999
-42.9743358450000,-22.9066405590000
-42.9758296489999,-22.9066934820000
-42.9776681760000,-22.9060584030000
-42.9795067040000,-22.9053174730000
-42.9823219490000,-22.9037826780000
-42.9837008439999,-22.9030417349999
-42.9854244639999,-22.9019832399999
-42.9861713650000,-22.9011364369999
-42.9864586350000,-22.9002896289999
-42.9865160890000,-22.8990723340000
-42.9865735430000,-22.8979608800000
-42.9868608130000,-22.8955262370000
-42.9871480830000,-22.8946264660000
-42.9873204450000,-22.8938854739999
-42.9873778990000,-22.8931974060000
-42.9874353530000,-22.8926151919999
-42.9876651690000,-22.8920329759999
-42.9880673470000,-22.8914507570000
-42.9884695250000,-22.8909743940000
-42.9887567950000,-22.8903921699999
-42.9892525910000,-22.8894288979999
-42.9891943670000,-22.8886783319999
-42.9906761430000,-22.8885322020000
-43.0083990360000,-22.8920774410000
-43.0099663889999,-22.8909430900000
-43.0115632829999,-22.8894835170000
-43.0119993960000,-22.8886397930000
-43.0122610640000,-22.8879567740000
-43.0131769010000,-22.8872737519999
-43.0141363499999,-22.8870728630000
-43.0169710840000,-22.8865505489999
-43.0174071970000,-22.8860282329999
-43.0181485890000,-22.8849835949999
-43.0185410910000,-22.8841800220000
-43.0200471009999,-22.8836473080000
-43.0297178169999,-22.8766482550000
-43.0321177069999,-22.8750257029999
-43.0348170700000,-22.8737701850000
-43.0442260700000,-22.8713528769999
-43.0452836180000,-22.8715248309999
-43.0470876699999,-22.8716394660000
-43.0484562600000,-22.8718114190000
-43.0498248510000,-22.8718114190000
-43.0508201900000,-22.8719833719999
-43.0519399459999,-22.8725565459999
-43.0529352849999,-22.8722699589999
-43.0534951630000,-22.8713528769999
-43.0549881709999,-22.8708370159999
-43.0559835100000,-22.8708370159999
-43.0576631439999,-22.8704357889999
-43.0590939440000,-22.8703211530000
-43.0602137000000,-22.8702638340000
-43.0611468300000,-22.8700918790000
-43.0622665860000,-22.8698052870000
-43.0634485510000,-22.8695760130000
-43.0644438899999,-22.8693467390000
-43.0658124810000,-22.8692321010000
-43.0677744119999,-22.8686225619999
-43.0685277219999,-22.8683714589999
-43.0707811750000,-22.8676573609999
-43.0728340610000,-22.8667402479999
-43.0742026519999,-22.8661670490000
-43.0755712430000,-22.8654792070000
-43.0773130850000,-22.8649633229999
-43.0782462160000,-22.8643901170000
-43.0802368929999,-22.8636449450000
-43.0817299010000,-22.8633010180000
-43.0834095360000,-22.8627851259999
-43.0857734649999,-22.8624985189999
-43.0860845089999,-22.8614667269999
-43.0865821780000,-22.8606068939999
-43.0870176390000,-22.8599763469999
-43.0887594819999,-22.8599190240000
-43.0906257419999,-22.8596897340000
-43.0923675850000,-22.8600336700000
-43.0936739670000,-22.8605495720000
-43.0952291839999,-22.8608361839999
-43.0964733570000,-22.8611227940000
-43.0975931130000,-22.8611227940000
-43.0981529919999,-22.8602056370000
-43.0986506610000,-22.8595750879999
-43.1000814600000,-22.8595177650000
-43.1021965550000,-22.8595177650000
-43.1029430590000,-22.8598617019999
-43.1045604850000,-22.8604349270000
-43.1058046589999,-22.8605495720000
-43.1067377890000,-22.8605495720000
-43.1078002490000,-22.8602589119999
-43.1072010710000,-22.8597067950000
-43.1065519599999,-22.8590166449999
-43.1057031239999,-22.8580504289999
-43.1048542870000,-22.8571762280000
-43.1040553820000,-22.8561179769999
-43.1035560669999,-22.8550137070000
-43.1032065460000,-22.8542775210000
-43.1024575730000,-22.8534953200000
-43.1018084620000,-22.8527131140000
-43.1012092839999,-22.8518388790000
-43.1009596260000,-22.8511486890000
-43.1009596260000,-22.8506425469999
-43.1009096939999,-22.8496302590000
-43.1009096939999,-22.8492161390000
-43.1013590780000,-22.8496762720000
-43.1016087359999,-22.8501824169999
-43.1020581200000,-22.8506425469999
-43.1026572989999,-22.8508726119999
-43.1034562039999,-22.8509186250000
-43.1040553820000,-22.8507345730000
-43.1042051770000,-22.8499523519999
-43.1043050400000,-22.8491241120000
-43.1039555190000,-22.8485259359999
-43.1036559299999,-22.8480197840000
-43.1035061350000,-22.8471915329999
-43.1031566139999,-22.8461332040000
-43.1026572989999,-22.8451208819999
-43.1019582570000,-22.8442005830000
-43.1011593520000,-22.8436944159999
-43.1008098309999,-22.8436023849999
-43.1002605840000,-22.8432342620000
-43.0996114740000,-22.8431422309999
-43.0988125690000,-22.8429581689999
-43.0983132530000,-22.8426820750000
-43.0977140749999,-22.8418537919999
-43.0974144849999,-22.8411175350000
-43.0968153070000,-22.8404733070000
-43.0978645441100,-22.8395535525953
-43.0980194485492,-22.8385517321560
-43.0977080448093,-22.8375886183178
-43.0972391428035,-22.8372194378322
-43.0958996158208,-22.8371045659248
-43.0965757044509,-22.8358558370114
-43.0965426966301,-22.8354363398785
-43.0957667439999,-22.8351813199999
-43.0958166760000,-22.8343990090000
-43.0962482982832,-22.8337225327225
-43.0966536982601,-22.8338521271329
-43.0976268632775,-22.8342244370751
-43.0977453255318,-22.8337415368728
-43.0970446074566,-22.8332501740808
-43.0969015989711,-22.8330073158439
-43.0972646910000,-22.8322821440000
-43.0974644170000,-22.8318679710000
-43.0982708638382,-22.8318525301966
-43.0985924042428,-22.8307703295087
-43.0975642800000,-22.8296590269999
-43.0970150329999,-22.8286381214104
-43.0974160798613,-22.8278394528265
-43.0967957879942,-22.8273194111040
-43.0963387799422,-22.8265539782832
-43.0953173600000,-22.8260233960000
-43.0948180440000,-22.8255171609999
-43.0939192760000,-22.8251489890000
-43.0933700290000,-22.8249188810000
-43.0928207819999,-22.8247808159999
-43.0921716719999,-22.8245046850000
-43.0911730409999,-22.8238603789999
-43.0903970061560,-22.8231595194393
-43.0900727887110,-22.8226929996733
-43.0898383925753,-22.8218078768650
-43.0894086342660,-22.8216297574647
-43.0883633019711,-22.8224917867890
-43.0873554129508,-22.8216020826907
-43.0868450806415,-22.8211514516184
-43.0865293648931,-22.8211641440028
-43.0861794242023,-22.8213143548483
-43.0852811170000,-22.8211910770000
-43.0843324170000,-22.8209149390000
-43.0834835809999,-22.8206388010000
-43.0826846760000,-22.8201325460000
-43.0815362499999,-22.8194421950000
-43.0803378930000,-22.8185217220000
-43.0793392620000,-22.8177853390000
-43.0785403570000,-22.8169108790000
-43.0777414519999,-22.8162205120000
-43.0769425469999,-22.8153920669999
-43.0760937109999,-22.8147937429999
-43.0755943949999,-22.8143795170000
-43.0748454220000,-22.8135510600000
-43.0737968590000,-22.8122623410000
-43.0732476119999,-22.8110196350000
-43.0725485700000,-22.8101911589999
-43.0720492540000,-22.8092706230000
-43.0716498020000,-22.8085802169999
-43.0711005549999,-22.8078437810000
-43.0705013760000,-22.8073374780000
-43.0694528129999,-22.8067391179999
-43.0686539090000,-22.8061867840000
-43.0678550040000,-22.8056804750000
-43.0670560990000,-22.8048979939999
-43.0665567830000,-22.8043916810000
-43.0660574679999,-22.8039313940000
-43.0652585629999,-22.8032869909999
-43.0648591099999,-22.8028727289999
-43.0652585629999,-22.8023664080000
-43.0659076730000,-22.8021362620000
-43.0670061669999,-22.8017680270000
-43.0679548670000,-22.8013997899999
-43.0697524029999,-22.8008934640000
-43.0706012390000,-22.8008474339999
-43.0706511710000,-22.8013537610000
-43.0708009649999,-22.8015378790000
-43.0715499390000,-22.8014458200000
-43.0729480219999,-22.8009855239999
-43.0734972700000,-22.8006633150000
-43.0737469269999,-22.8003411060000
-43.0743461060000,-22.8000649259999
-43.0753946689999,-22.7997887449999
-43.0758440530000,-22.7991443220000
-43.0762435050000,-22.7986379869999
-43.0770923420000,-22.7982237120000
-43.0775916570000,-22.7979014969999
-43.0785902879999,-22.7976253120000
-43.0793891929999,-22.7968888160000
-43.0797387140000,-22.7963824729999
-43.0792393990000,-22.7963364420000
-43.0785403570000,-22.7966586599999
-43.0782407670000,-22.7961062850000
-43.0788399460000,-22.7952316860000
-43.0788898780000,-22.7949554959999
-43.0792393990000,-22.7938507289999
-43.0795389880000,-22.7930681800000
-43.0802879610000,-22.7921475290000
-43.0806874140000,-22.7915951350000
-43.0807872770000,-22.7904903410000
-43.0807872770000,-22.7894776049999
-43.0804876879999,-22.7885569300000
-43.0800383040000,-22.7873600430000
-43.0797387140000,-22.7865774570000
-43.0790896039999,-22.7858409010000
-43.0786901509999,-22.7851503770000
-43.0776915200000,-22.7847820960000
-43.0767428210000,-22.7844138139999
-43.0757441900000,-22.7840915660000
-43.0746956270000,-22.7835851749999
-43.0732975430000,-22.7826644600000
-43.0720492540000,-22.7820659920000
-43.0710506230000,-22.7814214850000
-43.0705013760000,-22.7810071570000
-43.0696525399999,-22.7801324609999
-43.0689035660000,-22.7788894629999
-43.0682544560000,-22.7779687160000
-43.0679049349999,-22.7770940010000
-43.0678550040000,-22.7761272040000
-43.0678050719999,-22.7753445530000
-43.0677551410000,-22.7744698210000
-43.0677052089999,-22.7735490450000
-43.0676053459999,-22.7724441039999
-43.0676053459999,-22.7714312350000
-43.0675054829999,-22.7704183570000
-43.0669562360000,-22.7692213110000
-43.0665068520000,-22.7687148649999
-43.0658078100000,-22.7681623760000
-43.0651087680000,-22.7672875979999
-43.0648091790000,-22.7664128140000
-43.0644097260000,-22.7656301080000
-43.0638604790000,-22.7645711460000
-43.0632613000000,-22.7643869779999
-43.0627619850000,-22.7645711460000
-43.0617633539999,-22.7639265559999
-43.0607147910000,-22.7631438360000
-43.0599158859999,-22.7628675810000
-43.0589172550000,-22.7624071540000
-43.0579685549999,-22.7619927690000
-43.0569199930000,-22.7615783820000
-43.0561210879999,-22.7613021239999
-43.0551224570000,-22.7608877350000
-43.0544733460000,-22.7602891710000
-43.0538242360000,-22.7597826919999
-43.0529254680000,-22.7592762109999
-43.0521764950000,-22.7589078600000
-43.0511778640000,-22.7584474200000
-43.0503789589999,-22.7580330229999
-43.0495800539999,-22.7575725799999
-43.0486313540000,-22.7571121359999
-43.0478823810000,-22.7569740019999
-43.0471833390000,-22.7570660910000
-43.0466340920000,-22.7572042250000
-43.0459849819999,-22.7564675110000
-43.0453858029999,-22.7555926570000
-43.0447366929999,-22.7548098889999
-43.0440376509999,-22.7540731629999
-43.0429890880000,-22.7532903859999
-43.0420403890000,-22.7523234200000
-43.0413912779999,-22.7521392350000
-43.0405424419999,-22.7514024939999
-43.0400930580000,-22.7509420289999
-43.0392442209999,-22.7504355149999
-43.0386450430000,-22.7500210929999
-43.0379959329999,-22.7501131870000
-43.0374966169999,-22.7502973749999
-43.0366977120000,-22.7502052810000
-43.0357989440000,-22.7496066699999
-43.0350499710000,-22.7490080570000
-43.0340014079999,-22.7483633940000
-43.0333522980000,-22.7481331559999
-43.0325034610000,-22.7480871090000
-43.0316546249999,-22.7480871090000
-43.0311053779999,-22.7477187279999
-43.0309361740000,-22.7473442249999
-43.0300060160000,-22.7473069289999
-43.0292646239999,-22.7470253950000
-43.0285232319999,-22.7462210070000
-43.0276510060000,-22.7451350769999
-43.0271712820000,-22.7444111180000
-43.0269096140000,-22.7436469350000
-43.0266043349999,-22.7428425280000
-43.0260373880000,-22.7419978949999
-43.0253396070000,-22.7411130359999
-43.0243801590000,-22.7403488350000
-43.0234643209999,-22.7399868439999
-43.0222868160000,-22.7399064009999
-43.0212401450000,-22.7403890560000
-43.0203243079999,-22.7411532570000
-43.0199318059999,-22.7421587780000
-43.0195393050000,-22.7430838509999
-43.0184054109999,-22.7436067149999
-43.0171406830000,-22.7433653930000
-43.0166609590000,-22.7430838509999
-43.0163120690000,-22.7425609840000
-43.0157451219999,-22.7421587780000
-43.0149601180000,-22.7419174540000
-43.0143931720000,-22.7417163499999
-43.0132592780000,-22.7414348039999
-43.0124742749999,-22.7412336990000
-43.0119945499999,-22.7407912680000
-43.0118637159999,-22.7401477289999
-43.0116456599999,-22.7395041870000
-43.0115584370000,-22.7386595330000
-43.0114276030000,-22.7379757620000
-43.0112531579999,-22.7374528770000
-43.0106862109999,-22.7366886550000
-43.0100320420000,-22.7363668760000
-43.0092470389999,-22.7363266540000
-43.0084620350000,-22.7364473210000
-43.0072845299999,-22.7372115439999
-43.0067611950000,-22.7376539869999
-43.0058889690000,-22.7382170939999
-43.0048422980000,-22.7384182030000
-43.0035339590000,-22.7384182030000
-43.0024436760000,-22.7384182030000
-43.0013097820000,-22.7384182030000
-43.0004375569999,-22.7383779809999
-43.0002195000000,-22.7380562060000
-42.9999578320000,-22.7376539869999
-42.9998706100000,-22.7371310999999
-43.0000014440000,-22.7367288770000
-43.0002195000000,-22.7363668760000
-43.0005683900000,-22.7358037619999
-43.0009608920000,-22.7352808670000
-43.0009608920000,-22.7347579710000
-43.0006556129999,-22.7343155189999
-43.0000886660000,-22.7342350730000
-42.9985186590000,-22.7342350730000
-42.9975156000000,-22.7343155189999
-42.9968614300000,-22.7343557419999
-42.9960328160000,-22.7347981939999
-42.9955967029999,-22.7352808670000
-42.9949425330000,-22.7360450969999
-42.9944628090000,-22.7362059869999
-42.9937214170000,-22.7363266540000
-42.9931980809999,-22.7368093219999
-42.9931980809999,-22.7374528770000
-42.9933725260000,-22.7380964279999
-42.9938958619999,-22.7386997550000
-42.9946372539999,-22.7391421930000
-42.9954222570000,-22.7394639650000
-42.9962508720000,-22.7396248510000
-42.9970358749999,-22.7401477289999
-42.9972103210000,-22.7409119310000
-42.9969922640000,-22.7417565709999
-42.9967742080000,-22.7422794399999
-42.9962072609999,-22.7425207639999
-42.9953350350000,-22.7426012050000
-42.9942883639999,-22.7426012050000
-42.9936778059999,-22.7426012050000
-42.9930236360000,-22.7426414249999
-42.9924566889999,-22.7432045120000
-42.9921077989999,-22.7436871560000
-42.9917589080000,-22.7442904580000
-42.9915844630000,-22.7448937569999
-42.9918897420000,-22.7452959559999
-42.9925439120000,-22.7454166150000
-42.9931544700000,-22.7454166150000
-42.9936778059999,-22.7454166150000
-42.9941575299999,-22.7452959559999
-42.9947680879999,-22.7452959559999
-42.9953786459999,-22.7452959559999
-42.9958583700000,-22.7455774940000
-42.9963380949999,-22.7463014460000
-42.9963817060000,-22.7468645179999
-42.9959019820000,-22.7472667100000
-42.9950733670000,-22.7475884629999
-42.9940703070000,-22.7477895580000
-42.9933289149999,-22.7481113100000
-42.9928928020000,-22.7487950299999
-42.9915679890000,-22.7492702129999
-42.9896602570000,-22.7498056580000
-42.9879184140000,-22.7503411009999
-42.9865083500000,-22.7511060149999
-42.9838541139999,-22.7521003980000
-42.9812828220000,-22.7530182830000
-42.9777161910000,-22.7541656310000
-42.9764720169999,-22.7553894580000
-42.9747301749999,-22.7562308330000
-42.9729883319999,-22.7569192260000
-42.9710805989999,-22.7573781529999
-42.9697534809999,-22.7579900539999
-42.9681775270000,-22.7581430289999
-42.9661039050000,-22.7581430289999
-42.9646938420000,-22.7583724899999
-42.9630349440000,-22.7586019519999
-42.9626202190000,-22.7596727659999
-42.9611044270000,-22.7603894709999
-42.9600468789999,-22.7609057509999
-42.9579317840000,-22.7615941210000
-42.9563765669999,-22.7625119419999
-42.9558166890000,-22.7632003040000
-42.9549457680000,-22.7638886629999
-42.9538882200000,-22.7646343810000
-42.9527684640000,-22.7656669060000
-42.9525818380000,-22.7670435950000
-42.9524574210000,-22.7683629090000
-42.9519597519999,-22.7697969310000
-42.9502179089999,-22.7704852560000
-42.9486626920000,-22.7704852560000
-42.9469208490000,-22.7704278959999
-42.9455522580000,-22.7702558149999
-42.9443702930000,-22.7706573369999
-42.9434371629999,-22.7722060540000
-42.9433127459999,-22.7728943669999
-42.9429394940000,-22.7737547540000
-42.9424418240000,-22.7746151350000
-42.9418819460000,-22.7758770170000
-42.9413220680000,-22.7773109610000
-42.9413220680000,-22.7784007470000
-42.9416953200000,-22.7796625949999
-42.9418197379999,-22.7811538540000
-42.9422551979999,-22.7824156760000
-42.9422551979999,-22.7836774859999
-42.9422551979999,-22.7853407640000
-42.9422551979999,-22.7867172539999
-42.9422551979999,-22.7879790250000
-42.9422551979999,-22.7891260790000
-42.9422551979999,-22.7903304750000
-42.9426284500000,-22.7914775089999
-42.9432505370000,-22.7925671830000
-42.9441214590000,-22.7934274460000
-42.9446813370000,-22.7940583010000
-42.9443080849999,-22.7948612040000
-42.9433127459999,-22.7954347030000
-42.9413220680000,-22.7964669959999
-42.9415501669999,-22.7974036990000
-42.9406377729999,-22.7983977449999
-42.9407207180000,-22.7996211750000
-42.9411354420000,-22.8008445940000
-42.9408866070000,-22.8017621520000
-42.9395594890000,-22.8027561649999
-42.9379835359999,-22.8031384760000
-42.9359928580000,-22.8029090900000
-42.9343339599999,-22.8029855519999
-42.9317789540000,-22.8072376240000
-42.9257517370000,-22.8133158900000
-42.9227677140000,-22.8182197049999
-42.9219519050000,-22.8185119170000
-42.9206726410000,-22.8188870999999
-42.9194515240000,-22.8190478920000
-42.9178815179999,-22.8190478920000
-42.9168929950000,-22.8190478920000
-42.9157881749999,-22.8188335030000
-42.9150903949999,-22.8182439289999
-42.9144507619999,-22.8175471580000
-42.9134040910000,-22.8174399620000
-42.9117759360000,-22.8173863640000
-42.9105548200000,-22.8173863640000
-42.9090429610000,-22.8172255690000
-42.9079381420000,-22.8170647749999
-42.9068333220000,-22.8170111769999
-42.9045674829999,-22.8224982770000
-42.8995766280000,-22.8345893329999
-42.8969188029999,-22.8364177989999
-42.8929097119999,-22.8370252370000
-42.8890221079999,-22.8375111880000
-42.8859849180000,-22.8390905269999
-42.8846485530000,-22.8409128410000
-42.8845270660000,-22.8424921810000
-42.8842840910000,-22.8450434210000
-42.8842840910000,-22.8474731730000
-42.8852559910000,-22.8509963139999
-42.8858634290000,-22.8524541660000
-42.8854989669999,-22.8545194559999
-42.8858634290000,-22.8562202820000
-42.8874427690000,-22.8587715219999
-42.8879866889999,-22.8626540160000
-42.8878072319999,-22.8665467310000
-42.8859499599999,-22.8675849040000
