-43.6684882540000,-23.0549852289999
-43.6673912190000,-23.0423236279999
-43.6658990020000,-23.0417598590000
-43.6648294429999,-23.0412319399999
-43.6641164040000,-23.0409679799999
-43.6629755399999,-23.0409679799999
-43.6621911980000,-23.0409679799999
-43.6614781589999,-23.0408359989999
-43.6608364240000,-23.0405720369999
-43.6598381680000,-23.0402420870000
-43.6586260019999,-23.0398461430000
-43.6517808260000,-23.0376024399999
-43.6506399620000,-23.0375364470000
-43.6480730219999,-23.0370085129999
-43.6457912950000,-23.0366125600000
-43.6447217380000,-23.0360186280000
-43.6435095710000,-23.0355566789999
-43.6420121889999,-23.0355566789999
-43.6405148069999,-23.0358206499999
-43.6374487379999,-23.0352927069999
-43.6311739940000,-23.0335108860000
-43.6298905230000,-23.0333788980000
-43.6287496600000,-23.0333788980000
-43.6271809739999,-23.0333788980000
-43.6251131610000,-23.0333788980000
-43.6224749159999,-23.0333788980000
-43.6199079750000,-23.0328509460000
-43.6176262480000,-23.0321910009999
-43.6148453949999,-23.0308051100000
-43.6142749649999,-23.0307391159999
-43.6136332289999,-23.0313330710000
-43.6128488870000,-23.0318610290000
-43.6118506310000,-23.0321910009999
-43.6110746180000,-23.0320712969999
-43.6110288230000,-23.0312447829999
-43.6113923230000,-23.0312447839999
-43.6117201200000,-23.0310369490000
-43.6117815819999,-23.0305456989999
-43.6116996320000,-23.0301867090000
-43.6111874499999,-23.0299221879999
-43.6102655230000,-23.0295254030000
-43.6084011810000,-23.0294309250000
-43.6077251009999,-23.0296009729999
-43.6070285340000,-23.0298465950000
-43.6062705049999,-23.0300922170000
-43.6054510120000,-23.0303756260000
-43.6048159059999,-23.0306968280000
-43.6043447009999,-23.0309802390000
-43.6039009870000,-23.0308355169999
-43.6039764200000,-23.0299977120000
-43.6044042440000,-23.0290297729999
-43.6043944050000,-23.0278495760000
-43.6043545179999,-23.0276096049999
-43.6042755199999,-23.0271191409999
-43.6035793749999,-23.0265153540000
-43.6026524260000,-23.0263833590000
-43.6017967780000,-23.0265813530000
-43.6010837400000,-23.0270433319999
-43.6007272209999,-23.0274393129999
-43.5998132640000,-23.0279965730000
-43.5994720589999,-23.0281975430000
-43.5992127430000,-23.0282980279999
-43.5982315819999,-23.0276373049999
-43.5992298379999,-23.0255913899999
-43.5998365430000,-23.0245626220000
-43.5999221079999,-23.0240082349999
-43.5997794999999,-23.0236122439999
-43.6002215839999,-23.0231766509999
-43.6009774049999,-23.0228730560000
-43.6020184429999,-23.0226486590000
-43.6036441730000,-23.0223714619999
-43.6050274689999,-23.0224770610000
-43.6057975510000,-23.0223054630000
-43.6061255489999,-23.0219754649999
-43.6068528490000,-23.0212890660000
-43.6076229310000,-23.0208666679999
-43.6084072730000,-23.0208798680000
-43.6091773569999,-23.0206818679999
-43.6131561150000,-23.0185434450000
-43.6150100170000,-23.0174346189999
-43.6168781790000,-23.0161937799999
-43.6188033860000,-23.0147285179999
-43.6194593820000,-23.0143853010000
-43.6208569380000,-23.0130916299999
-43.6218694529999,-23.0121411699999
-43.6223685809999,-23.0112567070000
-43.6226965789999,-23.0103458380000
-43.6226823179999,-23.0096725819999
-43.6226395359999,-23.0091973390000
-43.6227678829999,-23.0086164880000
-43.6232955319999,-23.0084316709999
-43.6238089200000,-23.0084712739999
-43.6244934359999,-23.0085900850000
-43.6250923909999,-23.0085768840000
-43.6258482129999,-23.0082336520000
-43.6271252019999,-23.0076115779999
-43.6284008929999,-23.0070587339999
-43.6296558419999,-23.0068607130000
-43.6300266220000,-23.0068739140000
-43.6305827930000,-23.0065834820000
-43.6310676600000,-23.0061874390000
-43.6317093950000,-23.0059762150000
-43.6325507809999,-23.0060950280000
-43.6332352990000,-23.0063194530000
-43.6339625980000,-23.0065834820000
-43.6346185940000,-23.0066626909999
-43.6352318060000,-23.0064778709999
-43.6354599800000,-23.0061742379999
-43.6361587569999,-23.0057913950000
-43.6366436260000,-23.0057517900000
-43.6372568379999,-23.0058706030000
-43.6378272700000,-23.0060686250000
-43.6385545709999,-23.0062270430000
-43.6389681340000,-23.0062270430000
-43.6393103919999,-23.0059630140000
-43.6399378670000,-23.0048672860000
-43.6404940380000,-23.0043524219999
-43.6418202890000,-23.0030718559999
-43.6425475899999,-23.0023589579999
-43.6431750640000,-23.0018968920000
-43.6439736690000,-23.0015800460000
-43.6447009679999,-23.0016856610000
-43.6451573139999,-23.0018968920000
-43.6458133099999,-23.0021741319999
-43.6467687799999,-23.0022005350000
-43.6469684329999,-23.0019364980000
-43.6472393880000,-23.0016592579999
-43.6476672119999,-23.0014084210000
-43.6481806000000,-23.0012631989999
-43.6488964983125,-23.0014154718594
-43.6493471661405,-23.0017468708751
-43.6500915450000,-23.0023589579999
-43.6504765850000,-23.0027418110000
-43.6508901490000,-23.0029398379999
-43.6511611040000,-23.0027682139999
-43.6517172739999,-23.0025833889999
-43.6521165759999,-23.0026229940000
-43.6524588349999,-23.0030322499999
-43.6527155289999,-23.0033886959999
-43.6531148310000,-23.0035867239999
-43.6535996979999,-23.0033226870000
-43.6536852610000,-23.0029794419999
-43.6536710019999,-23.0025833889999
-43.6535426550000,-23.0022665439999
-43.6532146570000,-23.0020421110000
-43.6528866590000,-23.0018176810000
-43.6527725719999,-23.0014876329999
-43.6527725719999,-23.0010519670000
-43.6528866590000,-23.0008011300000
-43.6531005680000,-23.0006823120000
-43.6535711769999,-23.0004944320000
-43.6538051129999,-23.0001591810000
-43.6541023629999,-22.9999739379999
-43.6546230939999,-22.9995478829999
-43.6554278610000,-22.9987431160000
-43.6559485929999,-22.9970862439999
-43.6568953779999,-22.9947192829999
-43.6580788590000,-22.9931097489999
-43.6594516960000,-22.9915475530000
-43.6606351770000,-22.9906954480000
-43.6619133360000,-22.9892279320000
-43.6647063490000,-22.9864349170000
-43.6655584559999,-22.9858195079999
-43.6662685460000,-22.9856774899999
-43.6673100070000,-22.9848727219999
-43.6696769699999,-22.9831211710000
-43.6715705389999,-22.9818903509999
-43.6732274120000,-22.9809909049999
-43.6739848399999,-22.9804701749999
-43.6747422679999,-22.9803281559999
-43.6754523559999,-22.9805175129999
-43.6761201029999,-22.9805605929999
-43.6769198709999,-22.9806121909999
-43.6774406040000,-22.9806595310000
-43.6777719789999,-22.9808488880000
-43.6787661019999,-22.9809435669999
-43.6796182089999,-22.9809909049999
-43.6804229730000,-22.9813222810000
-43.6813224210000,-22.9817009950000
-43.6823638840000,-22.9828371349999
-43.6831686510000,-22.9836419019999
-43.6836893810000,-22.9842573129999
-43.6843521319999,-22.9844940080000
-43.6849675419999,-22.9845886859999
-43.6856776299999,-22.9849200620000
-43.6866244130000,-22.9856301509999
-43.6880919300000,-22.9866716139999
-43.6887073409999,-22.9874290399999
-43.6890387129999,-22.9879971110000
-43.6891333939999,-22.9886598599999
-43.6891333939999,-22.9893699500000
-43.6890387129999,-22.9897486640000
-43.6887546799999,-22.9898433420000
-43.6886600009999,-22.9905060909999
-43.6891807329999,-22.9910741620000
-43.6898434820000,-22.9916895719999
-43.6911216419999,-22.9893226110000
-43.6920684249999,-22.9882338080000
-43.6929205319999,-22.9874763810000
-43.6934412639999,-22.9865769350000
-43.6937726380000,-22.9860562030000
-43.6946247450000,-22.9855828089999
-43.6953348319999,-22.9851567580000
-43.6968023479999,-22.9852040979999
-43.6977964730000,-22.9857721659999
-43.6987432580000,-22.9857721659999
-43.6994533460000,-22.9861508819999
-43.6999267379999,-22.9860562030000
-43.7005894879999,-22.9859615230000
-43.7008261839999,-22.9852987759999
-43.7010628799999,-22.9845886859999
-43.7014889329999,-22.9838312589999
-43.7022998080000,-22.9823596719999
-43.7030511280000,-22.9805648529999
-43.7057968019999,-22.9766356960000
-43.7069802830000,-22.9747421279999
-43.7077850510000,-22.9746947870000
-43.7088265130000,-22.9735113079999
-43.7102940299999,-22.9722331479999
-43.7110987970000,-22.9714757209999
-43.7139391490000,-22.9699135260000
-43.7147912569999,-22.9697241689999
-43.7156907019999,-22.9700555419999
-43.7160414639999,-22.9701557620000
-43.7166848259999,-22.9703395780000
-43.7174895930000,-22.9703869180000
-43.7180576639999,-22.9711443459999
-43.7182470210000,-22.9718544350000
-43.7189097679999,-22.9718544350000
-43.7197145370000,-22.9715230600000
-43.7204246249999,-22.9712863640000
-43.7205666420000,-22.9707656320000
-43.7198565539999,-22.9707182920000
-43.7189097679999,-22.9702922400000
-43.7184837169999,-22.9700555419999
-43.7182470210000,-22.9694874720000
-43.7182470210000,-22.9689667420000
-43.7182470210000,-22.9683513320000
-43.7183488200000,-22.9679101980000
-43.7183890379999,-22.9677359209999
-43.7187677520000,-22.9666944579999
-43.7191464660000,-22.9664104229999
-43.7197618750000,-22.9659843690000
-43.7205193030000,-22.9651796030000
-43.7216081060000,-22.9636174080000
-43.7222708550000,-22.9626706230000
-43.7229809440000,-22.9620552139999
-43.7237383699999,-22.9615344809999
-43.7250165309999,-22.9607297149999
-43.7258212980000,-22.9601143049999
-43.7261146270000,-22.9597965299999
-43.7261518630000,-22.9596633359999
-43.7278095450000,-22.9585994500000
-43.7290403650000,-22.9575106480000
-43.7299398099999,-22.9569425769999
-43.7309339339999,-22.9564691849999
-43.7322120940000,-22.9559484529999
-43.7330168610000,-22.9554277219999
-43.7336796099999,-22.9549543279999
-43.7353838220000,-22.9542442410000
-43.7360939109999,-22.9537708480000
-43.7376087640000,-22.9525400290000
-43.7384135329999,-22.9518299390000
-43.7399757270000,-22.9505517800000
-43.7424847070000,-22.9489895860000
-43.7438102030000,-22.9479007839999
-43.7444729529999,-22.9472853739999
-43.7453250600000,-22.9465752850000
-43.7456564340000,-22.9460072139999
-43.7462718450000,-22.9455338199999
-43.7469819339999,-22.9457231770000
-43.7478813789999,-22.9457705190000
-43.7485441280000,-22.9453444640000
-43.7492068769999,-22.9450130909999
-43.7497276089999,-22.9442556630000
-43.7505797140000,-22.9434035560000
-43.7523786060000,-22.9428354860000
-43.7535620869999,-22.9420307180000
-43.7542248360000,-22.9412259519999
-43.7551716180000,-22.9406578820000
-43.7561184050000,-22.9400898110000
-43.7569231719999,-22.9397584360000
-43.7578226169999,-22.9394744010000
-43.7582960100000,-22.9391430240000
-43.7589587590000,-22.9386696340000
-43.7595959189999,-22.9381823919999
-43.7597635259999,-22.9380542230000
-43.7606156319999,-22.9376755090000
-43.7614203990000,-22.9372967959999
-43.7628879150000,-22.9367760640000
-43.7632251240000,-22.9366898020000
-43.7649235019999,-22.9362553330000
-43.7662016610000,-22.9353558860000
-43.7676218380000,-22.9345984589999
-43.7680952300000,-22.9337936910000
-43.7684250529999,-22.9331670290000
-43.7685686230000,-22.9328942480000
-43.7690893539999,-22.9326102119999
-43.7692528519999,-22.9326062239999
-43.7710302629999,-22.9325628729999
-43.7720243859999,-22.9326102119999
-43.7725451179999,-22.9327995689999
-43.7733025460000,-22.9331309440000
-43.7742966699999,-22.9328942480000
-43.7750067580000,-22.9324208550000
-43.7755748290000,-22.9319948030000
-43.7762849149999,-22.9317107670000
-43.7767583089999,-22.9312847139999
-43.7781311459999,-22.9306219640000
-43.7784625220000,-22.9298645369999
-43.7792672890000,-22.9289650919999
-43.7804034300000,-22.9285390390000
-43.7809715009999,-22.9280183069999
-43.7811608580000,-22.9270715229999
-43.7810189859999,-22.9261493569999
-43.7809715009999,-22.9258407010000
-43.7795513239999,-22.9245152039999
-43.7782258259999,-22.9238524550000
-43.7769003270000,-22.9233317220000
-43.7759062020000,-22.9223375989999
-43.7764269350000,-22.9218168679999
-43.7772790409999,-22.9217221890000
-43.7784151830000,-22.9219588860000
-43.7802614110000,-22.9227636529999
-43.7813502150000,-22.9230950269999
-43.7821549820000,-22.9232843839999
-43.7835568680000,-22.9236901939999
-43.7839538730000,-22.9238051159999
-43.7847586399999,-22.9241364899999
-43.7859894590000,-22.9241364899999
-43.7872676189999,-22.9242311689999
-43.7877883500000,-22.9244205260000
-43.7880723859999,-22.9247518999999
-43.7891138489999,-22.9251306139999
-43.7892085270000,-22.9254146490000
-43.7899659549999,-22.9252726310000
-43.7901553120000,-22.9247518999999
-43.7902973289999,-22.9243731860000
-43.7908654000000,-22.9239471330000
-43.7912441139999,-22.9231897059999
-43.7914334709999,-22.9228583299999
-43.7918595239999,-22.9225742959999
-43.7925222730000,-22.9222429200000
-43.7932323610000,-22.9219588860000
-43.7937057540000,-22.9216275109999
-43.7941318070000,-22.9210594400000
-43.7943020700000,-22.9206905369999
-43.7944158410000,-22.9204440289999
-43.7947945559999,-22.9200653160000
-43.7952206089999,-22.9197339410000
-43.7956940009999,-22.9194972459999
-43.7960253759999,-22.9192605480000
-43.7963094120000,-22.9185504609999
-43.7958360190000,-22.9180297299999
-43.7952679479999,-22.9174143200000
-43.7950785909999,-22.9169409269999
-43.7951717660000,-22.9164750560000
-43.7941433920000,-22.9160015969999
-43.7920716610000,-22.9148477820000
-43.7905299080000,-22.9143596269999
-43.7897108510000,-22.9139158479999
-43.7890845140000,-22.9132057989999
-43.7886508960000,-22.9119188250000
-43.7880727390000,-22.9108093550000
-43.7874464009999,-22.9101436690000
-43.7854228500000,-22.9067264269999
-43.7843628950000,-22.9049955839999
-43.7828693209999,-22.9023770860000
-43.7814721070000,-22.9002023630000
-43.7805566910000,-22.8982051380000
-43.7800748930000,-22.8975837729999
-43.7796412750000,-22.8972730899999
-43.7784367799999,-22.8969624060000
-43.7750641950000,-22.8965629529999
-43.7712098119999,-22.8958971969999
-43.7673554280000,-22.8953645899999
-43.7656691360000,-22.8947875960000
-43.7627783480000,-22.8932341389999
-43.7610438760000,-22.8923908269999
-43.7562740770000,-22.8899052429999
-43.7550214020000,-22.8895501559999
-43.7538991564969,-22.8892113273329
-43.7536932972136,-22.8891439251319
-43.7527087719999,-22.8888843659999
-43.7520342550000,-22.8886180479999
-43.7515524569999,-22.8882629579999
-43.7511188389999,-22.8878634799999
-43.7508297599999,-22.8873752279999
-43.7508779400000,-22.8869757469999
-43.7510706589999,-22.8864431050000
-43.7512633780000,-22.8856885250000
-43.7515524569999,-22.8838242489999
-43.7519860749999,-22.8830696549999
-43.7523233340000,-22.8826257730000
-43.7525160530000,-22.8810721770000
-43.7525160530000,-22.8806282889999
-43.7523233340000,-22.8803619559999
-43.7518897159999,-22.8800512330000
-43.7516006370000,-22.8798736770000
-43.7509261200000,-22.8795629530000
-43.7502516029999,-22.8791634489999
-43.7490471079999,-22.8784532180000
-43.7487220659009,-22.8781582686997
-43.7480179204538,-22.8778835117474
-43.7477408301534,-22.8781209130173
-43.7465699296311,-22.8775240510140
-43.7410921190785,-22.8771609302208
-43.7343838887607,-22.8783617689378
-43.7268922675308,-22.8730250274489
-43.7254094184996,-22.8726212929009
-43.7244354346418,-22.8725225595323
-43.7237131588815,-22.8726300266466
-43.7231533456497,-22.8726488541043
-43.7226390537542,-22.8724972105985
-43.7219634161883,-22.8722503370307
-43.7211323151486,-22.8722116653947
-43.7183114742256,-22.8726769264463
-43.7178443793430,-22.8725968064593
-43.7153809214563,-22.8710644684450
-43.7144302414175,-22.8688117252335
-43.7136577638528,-22.8683264430813
-43.7124087335671,-22.8671356944439
-43.7117060389589,-22.8668055924770
-43.7108229760925,-22.8667763376481
-43.7092669362903,-22.8675339571942
-43.7081338260594,-22.8679163101243
-43.7068923108163,-22.8686896421404
-43.7064879391143,-22.8685996068747
-43.7052722906011,-22.8681578192717
-43.7041915198999,-22.8681252549757
-43.7032310124252,-22.8679122310821
-43.7025765925542,-22.8674744185479
-43.7017872353779,-22.8669165274474
-43.7015023980994,-22.8663694586343
-43.7008352613119,-22.8658209231714
-43.6972794636356,-22.8647036303504
-43.6960451628911,-22.8647660189648
-43.6957126479898,-22.8646820554744
-43.6948367112473,-22.8645909304455
-43.6936352563994,-22.8644479191685
-43.6924888710251,-22.8643176977408
-43.6916911735447,-22.8647397860034
-43.6913797537486,-22.8648960719632
-43.6910448787928,-22.8649178155027
-43.6908992197828,-22.8650127666120
-43.6901674426637,-22.8652487566545
-43.6896585512990,-22.8652145092599
-43.6892129250151,-22.8650012794264
-43.6890094217672,-22.8646981787041
-43.6883402833719,-22.8646674530568
-43.6877513775441,-22.8644294611248
-43.6874217521050,-22.8643560776465
-43.6867341966266,-22.8643662907687
-43.6858674382601,-22.8641524028186
-43.6853309178509,-22.8640762301125
-43.6844556181870,-22.8643918993826
-43.6820970942960,-22.8634568061804
-43.6810352423936,-22.8627019138191
-43.6801579485170,-22.8636499251471
-43.6784428777405,-22.8640666361713
-43.6779754374151,-22.8640224070195
-43.6776833457883,-22.8642319147573
-43.6775057746813,-22.8644784603363
-43.6774212162082,-22.8646989026072
-43.6773585873594,-22.8652244229071
-43.6772215130106,-22.8654148934931
-43.6769446030974,-22.8654922120752
-43.6761926064433,-22.8649547328678
-43.6757727028523,-22.8649478310386
-43.6753980773067,-22.8652629747916
-43.6752159745394,-22.8650296798935
-43.6748032827476,-22.8648035510514
-43.6743176672316,-22.8645715971184
-43.6741222483437,-22.8645782323538
-43.6737312060831,-22.8647975190631
-43.6736282785626,-22.8639896340497
-43.6732370243003,-22.8638675803514
-43.6727657404461,-22.8638976642013
-43.6724013810511,-22.8641082511501
-43.6718410920000,-22.8645329500000
-43.6709845619999,-22.8649275640000
-43.6702136850000,-22.8650854090000
-43.6687575850000,-22.8648486410000
-43.6679010550000,-22.8648486410000
-43.6671301790000,-22.8649275640000
-43.6659881390000,-22.8650591020000
-43.6649603040000,-22.8649801789999
-43.6627333270000,-22.8644277200000
-43.6601637379999,-22.8635595649999
-43.6579224850000,-22.8629018679999
-43.6532401240000,-22.8593239410000
-43.6504992289999,-22.8574297059999
-43.6486719659999,-22.8567982879999
-43.6458168670000,-22.8560616309999
-43.6434185840000,-22.8556406819999
-43.6364521430000,-22.8582715909999
-43.6313129649999,-22.8600605800000
-43.6254171870000,-22.8620337030000
-43.6239897110000,-22.8624584909999
-43.6229637090000,-22.8626357529999
-43.6189238290000,-22.8619857909999
-43.6150763240000,-22.8612176490000
-43.6089203160000,-22.8601540619999
-43.6036620589999,-22.8590904659999
-43.5982114270000,-22.8579677719999
-43.5966083000000,-22.8578495930000
-43.5957105489999,-22.8582041289999
-43.5944921719999,-22.8588541100000
-43.5932096710000,-22.8600949729999
-43.5926768649999,-22.8600318890000
-43.5917623118856,-22.8549998944427
-43.5908838880000,-22.8506866279999
-43.5884659650000,-22.8386931150000
-43.5820910357778,-22.8365416294247
-43.5794510239278,-22.8356506474971
-43.5731639340380,-22.8335288072223
-43.5716254663300,-22.8330095872332
-43.5582619377247,-22.8286950521677
-43.5182241280000,-22.8213198760000
-43.4911840706815,-22.8156012981335
-43.4884416091497,-22.8192319805243
-43.4851828819999,-22.8305182569999
-43.4695646094431,-22.8407472266963
-43.4580152520000,-22.8492556409999
-43.4317453985810,-22.8394448423043
-43.4256662200000,-22.8359349450000
-43.4240814500000,-22.8325509020000
-43.4210805600000,-22.8307708720000
-43.4197638101594,-22.8282677751831
-43.4183082819999,-22.8268104349999
-43.4171894406572,-22.8253843046573
-43.4171103676335,-22.8239046121594
-43.4156646876572,-22.8223031268965
-43.4148924213943,-22.8211161604741
-43.4141399336572,-22.8207284062111
-43.4132686525259,-22.8204936585538
-43.4123082447887,-22.8203272561594
-43.4111300257887,-22.8199707497370
-43.4100607539999,-22.8199113319999
-43.4082587729999,-22.8203585069999
-43.4077539286335,-22.8208280003145
-43.4017687225488,-22.8176514788069
-43.3969660509921,-22.8156185753547
-43.3907552317005,-22.8135987383212
-43.3896722907667,-22.8133833706917
-43.3886136561778,-22.8139313949130
-43.3878980305196,-22.8148030506751
-43.3863606061016,-22.8142748449908
-43.3847720806485,-22.8139460002522
-43.3840214654982,-22.8127905638745
-43.3829408335833,-22.8118802036474
-43.3820151946078,-22.8117187535952
-43.3810913035594,-22.8111794610128
-43.3802372880843,-22.8110419943739
-43.3795575550174,-22.8106077023212
-43.3769527814051,-22.8108932785774
-43.3764747488358,-22.8103939271396
-43.3763158740788,-22.8091797154491
-43.3757827724101,-22.8084618914764
-43.3744351240961,-22.8075668454163
-43.3724121862561,-22.8072296208135
-43.3702315561591,-22.8053507890671
-43.3677188833672,-22.8051039206741
-43.3654385366802,-22.8040412201211
-43.3615448800924,-22.8045039661505
-43.3589701065039,-22.8027947853746
-43.3560126737857,-22.8026802008302
-43.3538466757055,-22.8023944663741
-43.3500284684209,-22.8031579277467
-43.3483093367624,-22.8038805349519
-43.3309365865809,-22.8028803829967
-43.3266151760000,-22.8017675810000
-43.3257834930000,-22.8014481270000
-43.3247438880000,-22.8012564539999
-43.3234270560000,-22.8012564539999
-43.3227339869999,-22.8012564539999
-43.3212092330000,-22.8014481270000
-43.3189914110000,-22.8013203450000
-43.3169122020000,-22.8009369989999
-43.3144171519999,-22.8001703040000
-43.3121300220000,-22.7997230629999
-43.3103280409999,-22.7997230629999
-43.3078329900000,-22.7997230629999
-43.3063082369999,-22.7998508460000
-43.3049220980000,-22.8001703040000
-43.3031894240000,-22.8007453259999
-43.3020112059999,-22.8010008899999
-43.3006250669999,-22.8012564539999
-43.2992389280000,-22.8014481270000
-43.2980607090000,-22.8015120179999
-43.2964666489999,-22.8015759090000
-43.2948032820000,-22.8019592529999
-43.2909220929999,-22.8025342670000
-43.2883577350000,-22.8027898280000
-43.2861399129999,-22.8032370589999
-43.2844765460000,-22.8034287290000
-43.2823280300000,-22.8034287290000
-43.2801795140000,-22.8034287290000
-43.2781003050000,-22.8034287290000
-43.2761597110000,-22.8034287290000
-43.2744963439999,-22.8032370589999
-43.2724889449999,-22.8030456279999
-43.2724245930000,-22.8036091929999
-43.2723746610000,-22.8047138809999
-43.2723746610000,-22.8060487000000
-43.2724245930000,-22.8071073400000
-43.2724245930000,-22.8091785689999
-43.2723746610000,-22.8100991050000
-43.2725743870000,-22.8111116880000
-43.2721749350000,-22.8118941329999
-43.2718254140000,-22.8128606760000
-43.2714758929999,-22.8138732379999
-43.2710764409999,-22.8151159179999
-43.2704273300000,-22.8161744880000
-43.2699280149999,-22.8169569039999
-43.2693288359999,-22.8179694350000
-43.2690292469999,-22.8188438879999
-43.2684800000000,-22.8199024289999
-43.2680805469999,-22.8210069849999
-43.2677809579999,-22.8219274410000
-43.2674813679999,-22.8228939129999
-43.2668821899999,-22.8241825320000
-43.2663329429999,-22.8249649020000
-43.2657337639999,-22.8257472679999
-43.2651845170000,-22.8262995229999
-43.2644355429999,-22.8268057549999
-43.2640360910000,-22.8267597340000
-43.2631872549999,-22.8278182130000
-43.2626380069999,-22.8286005619999
-43.2618391029999,-22.8291528060000
-43.2612898549999,-22.8296590269999
-43.2606407450000,-22.8304413659999
-43.2594423879999,-22.8312697190000
-43.2584437569999,-22.8319139910000
-43.2516505160000,-22.8232096909999
-43.2528142960000,-22.8223086510000
-43.2537453189999,-22.8217508619999
-43.2547228940000,-22.8211072560000
-43.2559332249999,-22.8206781840000
-43.2572366580000,-22.8199916650000
-43.2584469879999,-22.8195625889999
-43.2593780119999,-22.8188760649999
-43.2602159330000,-22.8183182620000
-43.2611935080000,-22.8174171899999
-43.2616590189999,-22.8166019290000
-43.2622176330000,-22.8160441159999
-43.2630090030000,-22.8152288470000
-43.2636141690000,-22.8146710289999
-43.2643124359999,-22.8143277549999
-43.2651038059999,-22.8138557520000
-43.2654762159999,-22.8131262890000
-43.2656624200000,-22.8123968229999
-43.2657089720000,-22.8114957120000
-43.2654296649999,-22.8108520569999
-43.2650572549999,-22.8101225790000
-43.2646848460000,-22.8093072739999
-43.2644055389999,-22.8085348760000
-43.2639400269999,-22.8079341190000
-43.2632417590000,-22.8073333589999
-43.2626831449999,-22.8063893029999
-43.2624969400000,-22.8057456239999
-43.2621245310000,-22.8051019430000
-43.2617521220000,-22.8046728200000
-43.2614728149999,-22.8037716579999
-43.2608210980000,-22.8023984470000
-43.2602624839999,-22.8014114430000
-43.2596107679999,-22.8005960870000
-43.2590521530000,-22.7999523810000
-43.2582607830000,-22.7993086719999
-43.2575159650000,-22.7986649599999
-43.2566780429999,-22.7980641589999
-43.2558866730000,-22.7973775270000
-43.2550487519999,-22.7973775270000
-43.2543504850000,-22.7973775270000
-43.2536522169999,-22.7972916969999
-43.2528608469999,-22.7970771239999
-43.2519763749999,-22.7966479760000
-43.2510919020000,-22.7961329959999
-43.2500677760000,-22.7957467610000
-43.2493229579999,-22.7952746930000
-43.2486712409999,-22.7945451309999
-43.2483453830000,-22.7935151540000
-43.2475540129999,-22.7930001629999
-43.2466229889999,-22.7930001629999
-43.2460178239999,-22.7927855829999
-43.2450868009999,-22.7923993379999
-43.2441557770000,-22.7921418399999
-43.2428988949999,-22.7921418399999
-43.2420144229999,-22.7921418399999
-43.2410368479999,-22.7920130909999
-43.2396403129999,-22.7915839270000
-43.2389627350000,-22.7913931870000
-43.2375558549999,-22.7913931870000
-43.2357351869999,-22.7913168910000
-43.2341627910000,-22.7910880030000
-43.2331696999999,-22.7903250379999
-43.2325903960000,-22.7899435550000
-43.2314317889999,-22.7894094759999
-43.2303559400000,-22.7887990969999
-43.2291973330000,-22.7882650139999
-43.2285352709999,-22.7877309279999
-43.2282042410000,-22.7867390489999
-43.2282042410000,-22.7857471629999
-43.2287007870000,-22.7851367680000
-43.2288663020000,-22.7841448710000
-43.2282869979999,-22.7839159699999
-43.2264663300000,-22.7839159699999
-43.2254732380000,-22.7839159699999
-43.2239836009999,-22.7842974710000
-43.2227422359999,-22.7846789699999
-43.2214181140000,-22.7851367680000
-43.2203422640000,-22.7852893670000
-43.2189353840000,-22.7857471629999
-43.2177767770000,-22.7860523600000
-43.2165354129999,-22.7866627509999
-43.2158733510000,-22.7871968400000
-43.2153768059999,-22.7877309279999
-43.2148802599999,-22.7883413110000
-43.2138044099999,-22.7887227999999
-43.2131423489999,-22.7890279890000
-43.2124802880000,-22.7898672579999
-43.2119837420000,-22.7904776320000
-43.2114044389999,-22.7910880030000
-43.2108251350000,-22.7916983709999
-43.2101630740000,-22.7923850320000
-43.2095837699999,-22.7929190999999
-43.2090872240000,-22.7935294599999
-43.2084251630000,-22.7941398170000
-43.2076803440000,-22.7947501719999
-43.2068527680000,-22.7952079360000
-43.2061907069999,-22.7954368169999
-43.2054458880000,-22.7955131109999
-43.2043079700000,-22.7955751000000
-43.2028183330000,-22.7950172009999
-43.2020269630000,-22.7945022149999
-43.2007235299999,-22.7940730589999
-43.1997459550000,-22.7939013970000
-43.1989545850000,-22.7939013970000
-43.1979770099999,-22.7939013970000
-43.1972321919999,-22.7939013970000
-43.1961615150000,-22.7941159749999
-43.1955097979999,-22.7945022149999
-43.1947184279999,-22.7948884550000
-43.1940667119999,-22.7951459470000
-43.1934149950000,-22.7953176080000
-43.1932753419999,-22.7948884550000
-43.1930891369999,-22.7945022149999
-43.1925770739999,-22.7944592999999
-43.1920184600000,-22.7948884550000
-43.1914132949999,-22.7948884550000
-43.1911339879999,-22.7951030319999
-43.1912736409999,-22.7957038450000
-43.1917391530000,-22.7959613360000
-43.1922977669999,-22.7961329959999
-43.1920650109999,-22.7963904859999
-43.1915529479999,-22.7965192309999
-43.1909477830000,-22.7962617409999
-43.1904822710000,-22.7959613360000
-43.1898305550000,-22.7956609300000
-43.1893184920000,-22.7954892690000
-43.1888064290000,-22.7953176080000
-43.1886202239999,-22.7948884550000
-43.1889460820000,-22.7941159749999
-43.1892719409999,-22.7936009860000
-43.1892719409999,-22.7930430790000
-43.1892719409999,-22.7923564209999
-43.1889926329999,-22.7916697600000
-43.1887598779999,-22.7910260120000
-43.1884805709999,-22.7902964269999
-43.1882943660000,-22.7899101749999
-43.1882012629999,-22.7893522530000
-43.1883409169999,-22.7887514110000
-43.1890391850000,-22.7883222369999
-43.1895977990000,-22.7879359789999
-43.1896443499999,-22.7874209670000
-43.1895977990000,-22.7867771990000
-43.1892719409999,-22.7859188359999
-43.1889460820000,-22.7851892240000
-43.1886202239999,-22.7843308520000
-43.1881547120000,-22.7835153929999
-43.1876892010000,-22.7836012310000
-43.1874564449999,-22.7839875019999
-43.1869909329999,-22.7841591769999
-43.1867116259999,-22.7844166890000
-43.1860599089999,-22.7845454460000
-43.1855012950000,-22.7844166890000
-43.1850357829999,-22.7840304200000
-43.1845237209999,-22.7834295549999
-43.1840582089999,-22.7828716070000
-43.1836392479999,-22.7821848980000
-43.1832668389999,-22.7815840250000
-43.1827082250000,-22.7814552660000
-43.1823823659999,-22.7820132200000
-43.1821030590000,-22.7824424140000
-43.1817772010000,-22.7830432839999
-43.1814047920000,-22.7834295549999
-43.1806599730000,-22.7834724739999
-43.1797755010000,-22.7834724739999
-43.1787979259999,-22.7830432839999
-43.1780065560000,-22.7825711720000
-43.1777272490000,-22.7821848980000
-43.1771686349999,-22.7816269440000
-43.1767962249999,-22.7810689879999
-43.1767496739999,-22.7804251899999
-43.1772151860000,-22.7798243090000
-43.1772151860000,-22.7792663459999
-43.1767962249999,-22.7788371419999
-43.1762841619999,-22.7784937779999
-43.1758652019999,-22.7781504129999
-43.1758186510000,-22.7776353630000
-43.1752134850000,-22.7772490750000
-43.1747479739999,-22.7770344699999
-43.1740031549999,-22.7766911010000
-43.1735376430000,-22.7763477320000
-43.1731186819999,-22.7760043609999
-43.1725600679999,-22.7758755970000
-43.1720014540000,-22.7760043609999
-43.1715359419999,-22.7763477320000
-43.1713497380000,-22.7767340230000
-43.1715359419999,-22.7770344699999
-43.1721411080000,-22.7770773910000
-43.1725600679999,-22.7772061540000
-43.1730255800000,-22.7774636800000
-43.1732583360000,-22.7777212050000
-43.1733979890000,-22.7783220949999
-43.1733979890000,-22.7788800619999
-43.1731186819999,-22.7793521870000
-43.1726531710000,-22.7796097080000
-43.1722807610000,-22.7800818300000
-43.1719083519999,-22.7802964300000
-43.1715824939999,-22.7806397899999
-43.1714428399999,-22.7810689879999
-43.1713497380000,-22.7815411050000
-43.1711635330000,-22.7823136559999
-43.1701841977993,-22.7829005730695
-43.1689290770000,-22.7826140910000
-43.1688825249999,-22.7820990590000
-43.1692549350000,-22.7813265069999
-43.1693014859999,-22.7808973089999
-43.1686497699999,-22.7804251899999
-43.1680446040000,-22.7801247500000
-43.1674394390000,-22.7797813890000
-43.1669739269999,-22.7793951070000
-43.1666480690000,-22.7793521870000
-43.1661825570000,-22.7795238680000
-43.1656239430000,-22.7795238680000
-43.1651584310000,-22.7795238680000
-43.1649722269999,-22.7793092659999
-43.1653911870000,-22.7790088240000
-43.1662291080000,-22.7787513009999
-43.1667411709999,-22.7785366980000
-43.1669273759999,-22.7780645709999
-43.1668342739999,-22.7775495220000
-43.1661360060000,-22.7774207590000
-43.1655308410000,-22.7772061540000
-43.1650187779999,-22.7770344699999
-43.1643205100000,-22.7771632330000
-43.1636687939999,-22.7776353630000
-43.1629705260000,-22.7778070469999
-43.1621791560000,-22.7778928879999
-43.1615274399999,-22.7779358089999
-43.1608291720000,-22.7779358089999
-43.1600843529999,-22.7780645709999
-43.1594326370000,-22.7781933329999
-43.1589671249999,-22.7782362539999
-43.1583154080000,-22.7783220949999
-43.1577567940000,-22.7784937779999
-43.1572447310000,-22.7787083799999
-43.1568257709999,-22.7789659030000
-43.1565930150000,-22.7794809480000
-43.1566395660000,-22.7802535100000
-43.1567792200000,-22.7808114689999
-43.1567792200000,-22.7813694260000
-43.1564999130000,-22.7819703010000
-43.1563137079999,-22.7823994950000
-43.1558481960000,-22.7833437169999
-43.1558016449999,-22.7838587450000
-43.1559878500000,-22.7845883640000
-43.1563137079999,-22.7849746320000
-43.1564533609999,-22.7853179799999
-43.1564533609999,-22.7856613269999
-43.1567326680000,-22.7862621820000
-43.1570585269999,-22.7866484450000
-43.1573843850000,-22.7871634600000
-43.1579429989999,-22.7875497200000
-43.1585016130000,-22.7877213909999
-43.1589671249999,-22.7878501439999
-43.1595722900000,-22.7882364019999
-43.1598981480000,-22.7885368239999
-43.1601774550000,-22.7890089150000
-43.1608757229999,-22.7893093360000
-43.1619929509999,-22.7895668380000
-43.1627843209999,-22.7897814240000
-43.1637618960000,-22.7901676769999
-43.1643670610000,-22.7904680949999
-43.1650653289999,-22.7908114290000
-43.1659032500000,-22.7911547620000
-43.1666015179999,-22.7915410110000
-43.1670670299999,-22.7919701749999
-43.1681377069999,-22.7926139180000
-43.1686497699999,-22.7928714150000
-43.1693480370000,-22.7932147430000
-43.1699066509999,-22.7936009860000
-43.1705118170000,-22.7942447219999
-43.1709773280000,-22.7945451309999
-43.1715824939999,-22.7949742859999
-43.1720945569999,-22.7954892690000
-43.1723738640000,-22.7960042510000
-43.1726066189999,-22.7965621459999
-43.1726066189999,-22.7970771239999
-43.1724204150000,-22.7975491850000
-43.1723738640000,-22.7978925010000
-43.1733514379999,-22.7986649599999
-43.1739100520000,-22.7988366169999
-43.1742824620000,-22.7990941010000
-43.1745617690000,-22.7996090700000
-43.1747945250000,-22.7999952939999
-43.1751669340000,-22.8003815179999
-43.1754927919999,-22.8008964819999
-43.1756324459999,-22.8012397890000
-43.1761910600000,-22.8014972700000
-43.1766565719999,-22.8015401830000
-43.1771686349999,-22.8015401830000
-43.1778203509999,-22.8017118360000
-43.1783324139999,-22.8018834889999
-43.1785186189999,-22.8020980549999
-43.1785186189999,-22.8028704900000
-43.1785186189999,-22.8034283560000
-43.1785186189999,-22.8040720459999
-43.1780996580000,-22.8048873820000
-43.1779600050000,-22.8053594160000
-43.1777737999999,-22.8057885359999
-43.1777737999999,-22.8064751269999
-43.1775875950000,-22.8067325970000
-43.1776806979999,-22.8078482960000
-43.1776806979999,-22.8085348760000
-43.1776806979999,-22.8093072739999
-43.1776806979999,-22.8099509360000
-43.1774944930000,-22.8104658630000
-43.1767496739999,-22.8110236989999
-43.1765634690000,-22.8114098910000
-43.1760979580000,-22.8117960829999
-43.1754927919999,-22.8119677230000
-43.1752600369999,-22.8123539129999
-43.1753996899999,-22.8127401019999
-43.1760048550000,-22.8129975599999
-43.1764703670000,-22.8133408379999
-43.1765634690000,-22.8138986609999
-43.1765634690000,-22.8147568470000
-43.1764703670000,-22.8150143020000
-43.1764238159999,-22.8157008459999
-43.1763772650000,-22.8163444770000
-43.1761445090000,-22.8167735630000
-43.1758186510000,-22.8170310140000
-43.1754462410000,-22.8170739229999
-43.1751669340000,-22.8175030060000
-43.1751669340000,-22.8180179050000
-43.1752134850000,-22.8186186179999
-43.1752600369999,-22.8192193280000
-43.1749807290000,-22.8195625889999
-43.1745152179999,-22.8197342199999
-43.1740497060000,-22.8198200350000
-43.1733979890000,-22.8200345730000
-43.1728393749999,-22.8203778319999
-43.1721876590000,-22.8208069049999
-43.1715359419999,-22.8210214420000
-43.1709773280000,-22.8212359770000
-43.1701859579999,-22.8214505130000
-43.1694411400000,-22.8214934200000
-43.1683239110000,-22.8214076060000
-43.1674394390000,-22.8210214420000
-43.1670670299999,-22.8204636469999
-43.1665084150000,-22.8200345730000
-43.1660429039999,-22.8199916650000
-43.1656239430000,-22.8200345730000
-43.1651584310000,-22.8204636469999
-43.1646929199999,-22.8208498129999
-43.1642274080000,-22.8211501630000
-43.1639481009999,-22.8216650479999
-43.1638549980000,-22.8221370240000
-43.1640412029999,-22.8225660919999
-43.1652515340000,-22.8229093450000
-43.1658566989999,-22.8230809709999
-43.1666015179999,-22.8235100359999
-43.1672997850000,-22.8238532870000
-43.1679515019999,-22.8241965370000
-43.1681377069999,-22.8246255979999
-43.1682308090000,-22.8251404699999
-43.1682308090000,-22.8255695280000
-43.1680446040000,-22.8260414909999
-43.1677187459999,-22.8266421680000
-43.1676256439999,-22.8269854110000
-43.1684635650000,-22.8272428420000
-43.1688359739999,-22.8278435139999
-43.1688825249999,-22.8281867539999
-43.1689290770000,-22.8289161359999
-43.1694876910000,-22.8296026099999
-43.1697669979999,-22.8302032709999
-43.1700928560000,-22.8307610259999
-43.1709307769999,-22.8310613539999
-43.1720014540000,-22.8311900660000
-43.1729790289999,-22.8311900660000
-43.1736307449999,-22.8311471620000
-43.1742359110000,-22.8305894090000
-43.1746548710000,-22.8299458450000
-43.1747479739999,-22.8292164689999
-43.1745617690000,-22.8287874219999
-43.1739100520000,-22.8287445170000
-43.1733979890000,-22.8284012790000
-43.1733048870000,-22.8275431789999
-43.1730255800000,-22.8268137890000
-43.1726531710000,-22.8261273019999
-43.1726531710000,-22.8255695280000
-43.1726997219999,-22.8249688459999
-43.1732583360000,-22.8244968800000
-43.1738169499999,-22.8241536310000
-43.1745152179999,-22.8239820059999
-43.1754462410000,-22.8237674740000
-43.1761445090000,-22.8237674740000
-43.1765169179999,-22.8241107240000
-43.1767496739999,-22.8247972219999
-43.1767496739999,-22.8253549990000
-43.1764703670000,-22.8259985850000
-43.1762376110000,-22.8264705459999
-43.1761910600000,-22.8268995999999
-43.1765169179999,-22.8271999370000
-43.1768893279999,-22.8273715580000
-43.1774013909999,-22.8278006089999
-43.1777272490000,-22.8282725640000
-43.1780996580000,-22.8289161359999
-43.1787513750000,-22.8292164689999
-43.1793565400000,-22.8294738960000
-43.1795892959999,-22.8295168010000
-43.1799151540000,-22.8298171320000
-43.1803341149999,-22.8305036010000
-43.1803806660000,-22.8311900660000
-43.1811254849999,-22.8314474900000
-43.1816375479999,-22.8314903939999
-43.1823823659999,-22.8317049129999
-43.1832668389999,-22.8317049129999
-43.1834064919999,-22.8313616820000
-43.1832668389999,-22.8308039299999
-43.1835461459999,-22.8303748879999
-43.1844306179999,-22.8297313230000
-43.1853616420000,-22.8291735640000
-43.1860599089999,-22.8286158030000
-43.1866650750000,-22.8286158030000
-43.1875029959999,-22.8287874219999
-43.1882478149999,-22.8287445170000
-43.1887598779999,-22.8284012790000
-43.1885736730000,-22.8280151339999
-43.1880616100000,-22.8277577039999
-43.1873167909999,-22.8275431789999
-43.1868512789999,-22.8272428420000
-43.1868047280000,-22.8264276409999
-43.1875495470000,-22.8253549990000
-43.1881081609999,-22.8243252550000
-43.1886667750000,-22.8235958489999
-43.1889926329999,-22.8228664380000
-43.1892719409999,-22.8220512099999
-43.1898771060000,-22.8214505130000
-43.1909012319999,-22.8206781840000
-43.1916460510000,-22.8201203879999
-43.1922046649999,-22.8192193280000
-43.1928563810000,-22.8189189729999
-43.1935080980000,-22.8189618809999
-43.1946718770000,-22.8189618809999
-43.1957891050000,-22.8189618809999
-43.1969528850000,-22.8189618809999
-43.1981166639999,-22.8189618809999
-43.1992338920000,-22.8192622349999
-43.1998856090000,-22.8194767740000
-43.2009097350000,-22.8195196820000
-43.2018873090000,-22.8194338659999
-43.2030510890000,-22.8193909590000
-43.2042148680000,-22.8191764199999
-43.2053786470000,-22.8188760649999
-43.2063096710000,-22.8186615259999
-43.2066355290000,-22.8181037210000
-43.2069613869999,-22.8180608129999
-43.2075200020000,-22.8182324460000
-43.2079855129999,-22.8184040780000
-43.2083113720000,-22.8185757100000
-43.2087303319999,-22.8181037210000
-43.2086837809999,-22.8175030060000
-43.2085441270000,-22.8169022890000
-43.2084975759999,-22.8165161119999
-43.2091492930000,-22.8160012079999
-43.2099872139999,-22.8157008459999
-43.2107785839999,-22.8154004830000
-43.2115699540000,-22.8154004830000
-43.2122216700000,-22.8157866639999
-43.2128733870000,-22.8161728429999
-43.2131061430000,-22.8165590200000
-43.2136647569999,-22.8171597399999
-43.2142699220000,-22.8174600979999
-43.2146888829999,-22.8169451970000
-43.2152474970000,-22.8165590200000
-43.2166905830000,-22.8165590200000
-43.2172491969999,-22.8165590200000
-43.2174819529999,-22.8171597399999
-43.2178543630000,-22.8176746389999
-43.2186922840000,-22.8181037210000
-43.2192508980000,-22.8184898940000
-43.2200888190000,-22.8188760649999
-43.2209267400000,-22.8193480510000
-43.2212525980000,-22.8190906039999
-43.2218577639999,-22.8189618809999
-43.2230680940000,-22.8189618809999
-43.2239060160000,-22.8191335119999
-43.2246508339999,-22.8194338659999
-43.2256284090000,-22.8198629420000
-43.2264663300000,-22.8205065539999
-43.2273042509999,-22.8208927200000
-43.2282352750000,-22.8214076060000
-43.2291662979999,-22.8220941169999
-43.2297249130000,-22.8229093450000
-43.2301438730000,-22.8232096909999
-43.2306559360000,-22.8236816619999
-43.2307490379999,-22.8241965370000
-43.2309817939999,-22.8248830340000
-43.2315404080000,-22.8253549990000
-43.2322386759999,-22.8259556790000
-43.2330300459999,-22.8264276409999
-43.2335886600000,-22.8271141270000
-43.2340076209999,-22.8277147990000
-43.2345662349999,-22.8281438490000
-43.2353110539999,-22.8292164689999
-43.2357300140000,-22.8295597050000
-43.2360093210000,-22.8298600360000
-43.2364748329999,-22.8306323130000
-43.2368006910000,-22.8311471620000
-43.2369868959999,-22.8315332979999
-43.2373127540000,-22.8320481439999
-43.2376386120000,-22.8325629870000
-43.2381972269999,-22.8332065389999
-43.2304278229999,-22.8368702449999
-43.2295200750000,-22.8372563639999
-43.2287170669999,-22.8372563639999
-43.2282282799999,-22.8370311280000
-43.2276696660000,-22.8368702449999
-43.2273554449999,-22.8370954809999
-43.2272157920000,-22.8378033640000
-43.2267270040000,-22.8382538329999
-43.2263080439999,-22.8386721250000
-43.2262731300000,-22.8390260630000
-43.2260287370000,-22.8393156479999
-43.2254352089999,-22.8395087040000
-43.2244576339999,-22.8394121759999
-43.2238990200000,-22.8393799999999
-43.2233753199999,-22.8394443519999
-43.2231309260000,-22.8399269920000
-43.2230610989999,-22.8404418059999
-43.2229214459999,-22.8409244420000
-43.2226072250000,-22.8413749010000
-43.2222930050000,-22.8418575339999
-43.2220835240000,-22.8423723400000
-43.2219089580000,-22.8427906189999
-43.2215598239999,-22.8432410719999
-43.2209662960000,-22.8436915230000
-43.2203727689999,-22.8441419729999
-43.2199887219999,-22.8446245960000
-43.2199188949999,-22.8452037409999
-43.2203727689999,-22.8454611379999
-43.2207917289999,-22.8456863599999
-43.2211059500000,-22.8461368040000
-43.2211757770000,-22.8467481169999
-43.2211757770000,-22.8473916020000
-43.2212805170000,-22.8478420389999
-43.2218740440000,-22.8479385610000
-43.2226770520000,-22.8478420389999
-43.2232007530000,-22.8475524720000
-43.2235847999999,-22.8471663820000
-43.2238291940000,-22.8466194199999
-43.2238990200000,-22.8460081060000
-43.2238990200000,-22.8453967889999
-43.2237244529999,-22.8448819940000
-43.2234800600000,-22.8446889450000
-43.2230261860000,-22.8444958959999
-43.2225024849999,-22.8442706719999
-43.2222930050000,-22.8437558730000
-43.2222930050000,-22.8433375970000
-43.2224326579999,-22.8429836699999
-43.2226770520000,-22.8426297430000
-43.2229912719999,-22.8423723400000
-43.2234102330000,-22.8419862350000
-43.2237244529999,-22.8416966559999
-43.2240735870000,-22.8414392520000
-43.2245972880000,-22.8413427250000
-43.2252606420000,-22.8413427250000
-43.2258541699999,-22.8413427250000
-43.2264127839999,-22.8414070760000
-43.2270063110000,-22.8416323049999
-43.2275649250000,-22.8419218850000
-43.2282631930000,-22.8422114630000
-43.2289614610000,-22.8426297430000
-43.2297993820000,-22.8430158459999
-43.2307071300000,-22.8434019470000
-43.2311610039999,-22.8437236980000
-43.2315799639999,-22.8444315469999
-43.2321385779999,-22.8451715660000
-43.2325226260000,-22.8459759310000
-43.2325226260000,-22.8468124650000
-43.2324877120000,-22.8477455169999
-43.2320687520000,-22.8483568230000
-43.2317196180000,-22.8490968209999
-43.2313704839999,-22.8495472530000
-43.2311260900000,-22.8501585509999
-43.2308118700000,-22.8507054990000
-43.2302881689999,-22.8514776580000
-43.2297993820000,-22.8521854669999
-43.2294153349999,-22.8528610980000
-43.2290662010000,-22.8534723819999
-43.2285774139999,-22.8541158340000
-43.2279140589999,-22.8548236289999
-43.2273903590000,-22.8554027310000
-43.2269713979999,-22.8559818300000
-43.2263778699999,-22.8564000670000
-43.2253653819999,-22.8570435069999
-43.2243528939999,-22.8579443159999
-43.2237593670000,-22.8584590620000
-43.2230960130000,-22.8588129480000
-43.2222231780000,-22.8590381479999
-43.2214550839999,-22.8590381479999
-43.2207219029999,-22.8590381479999
-43.2197443280000,-22.8590381479999
-43.2188016670000,-22.8590381479999
-43.2175796979999,-22.8590059770000
-43.2170559969999,-22.8587807770000
-43.2164624699999,-22.8583947189999
-43.2161482490000,-22.8580730029999
-43.2158689420000,-22.8576547710000
-43.2152055880000,-22.8573652250000
-43.2147866279999,-22.8573652250000
-43.2143327539999,-22.8573652250000
-43.2138439659999,-22.8575904270000
-43.2132853520000,-22.8579764879999
-43.2129013050000,-22.8583947189999
-43.2125172579999,-22.8584912330000
-43.2120633839999,-22.8583947189999
-43.2116793370000,-22.8580408310000
-43.2114349430000,-22.8579121439999
-43.2110508959999,-22.8577834579999
-43.2106319350000,-22.8576225990000
-43.2103526280000,-22.8575582560000
-43.2098987540000,-22.8576225990000
-43.2093052270000,-22.8579121439999
-43.2088164390000,-22.8583625470000
-43.2088164390000,-22.8588129480000
-43.2088513529999,-22.8592633479999
-43.2090608329999,-22.8597780880000
-43.2091655730000,-22.8601641429999
-43.2096194470000,-22.8602284849999
-43.2102129750000,-22.8600032869999
-43.2105271949999,-22.8595207180000
-43.2108065019999,-22.8593920330000
-43.2110159820000,-22.8598424310000
-43.2116095100000,-22.8600997999999
-43.2120633839999,-22.8603893400000
-43.2124823440000,-22.8603893400000
-43.2129711320000,-22.8602284849999
-43.2132504390000,-22.8598102600000
-43.2136344859999,-22.8595528900000
-43.2140534469999,-22.8593276899999
-43.2145422340000,-22.8593598620000
-43.2148215410000,-22.8596494030000
-43.2151008480000,-22.8599711159999
-43.2156594619999,-22.8603249979999
-43.2162879030000,-22.8605823670000
-43.2168465169999,-22.8607753930000
-43.2177193519999,-22.8610649309999
-43.2184176190000,-22.8611936149999
-43.2191158869999,-22.8614509819999
-43.2195348480000,-22.8617726900000
-43.2193602810000,-22.8621909089999
-43.2190809740000,-22.8626412970000
-43.2187318399999,-22.8629630030000
-43.2183128789999,-22.8633490480000
-43.2179637450000,-22.8635098989999
-43.2176844380000,-22.8632203659999
-43.2175447850000,-22.8628986620000
-43.2172654779999,-22.8623839329999
-43.2172305640000,-22.8619335430000
-43.2169163439999,-22.8618692020000
-43.2163577300000,-22.8619978850000
-43.2162529899999,-22.8624482740000
-43.2161133360000,-22.8629308320000
-43.2156245490000,-22.8633168769999
-43.2152754150000,-22.8640246240000
-43.2148215410000,-22.8648932170000
-43.2145073210000,-22.8655687860000
-43.2143327539999,-22.8663086909999
-43.2143327539999,-22.8669520830000
-43.2143676670000,-22.8677241490000
-43.2144025799999,-22.8685283799999
-43.2145771469999,-22.8689465790000
-43.2147168009999,-22.8693969449999
-43.2146469739999,-22.8697829719999
-43.2146120610000,-22.8703620099999
-43.2149611950000,-22.8707802030000
-43.2158689420000,-22.8707158650000
-43.2162879030000,-22.8706193589999
-43.2170559969999,-22.8703941789999
-43.2181033990000,-22.8702976719999
-43.2188016670000,-22.8702655039999
-43.2197094139999,-22.8700403220000
-43.2201632880000,-22.8696542960000
-43.2204775090000,-22.8692039309999
-43.2207568160000,-22.8686248879999
-43.2209313830000,-22.8681101810000
-43.2211059500000,-22.8678206570000
-43.2215249099999,-22.8673381159999
-43.2218391310000,-22.8673381159999
-43.2223977450000,-22.8674024549999
-43.2231309260000,-22.8674667939999
-43.2238990200000,-22.8674667939999
-43.2245972880000,-22.8674667939999
-43.2251908149999,-22.8676598100000
-43.2257843429999,-22.8679493340000
-43.2263429570000,-22.8679815040000
-43.2269015710000,-22.8678528259999
-43.2274601850000,-22.8675633019999
-43.2278791460000,-22.8671772689999
-43.2287170669999,-22.8666303869999
-43.2292756809999,-22.8665338779999
-43.2301834290000,-22.8664695390000
-43.2311610039999,-22.8664695390000
-43.2316497910000,-22.8663408600000
-43.2320338379999,-22.8660513330000
-43.2321036649999,-22.8653757669999
-43.2321036649999,-22.8649253870000
-43.2323131449999,-22.8643784960000
-43.2326971930000,-22.8635420699999
-43.2329415860000,-22.8632203659999
-43.2333256330000,-22.8629630030000
-43.2338493340000,-22.8626412970000
-43.2343730349999,-22.8623517619999
-43.2351411289999,-22.8620943969999
-43.2356997429999,-22.8619013730000
-43.2362583580000,-22.8613866400000
-43.2362234439999,-22.8609684189999
-43.2359441369999,-22.8607753930000
-43.2354553500000,-22.8605823670000
-43.2353156960000,-22.8601319709999
-43.2353156960000,-22.8595207180000
-43.2353506099999,-22.8587486050000
-43.2354204360000,-22.8581695170000
-43.2356997429999,-22.8573973970000
-43.2359092239999,-22.8566252709999
-43.2360837909999,-22.8560783469999
-43.2362234439999,-22.8556922809999
-43.2363980110000,-22.8551131799999
-43.2366424049999,-22.8546949389999
-43.2368169720000,-22.8539871440000
-43.2368867979999,-22.8536975900000
-43.2372010189999,-22.8532793450000
-43.2375850660000,-22.8527324070000
-43.2378992869999,-22.8522498129999
-43.2382484200000,-22.8516063509999
-43.2385626409999,-22.8509628860000
-43.2388070339999,-22.8505768059999
-43.2391910820000,-22.8500942039999
-43.2392609080000,-22.8495794270000
-43.2393307350000,-22.8489037789999
-43.2395053019999,-22.8483568230000
-43.2397846090000,-22.8478742129999
-43.2400290029999,-22.8476489949999
-43.2405527040000,-22.8471663820000
-43.2408669239999,-22.8465550709999
-43.2408320109999,-22.8459437569999
-43.2406923569999,-22.8453646139999
-43.2405527040000,-22.8449463430000
-43.2404130500000,-22.8445924210000
-43.2400988299999,-22.8439489230000
-43.2397846090000,-22.8432410719999
-43.2397496959999,-22.8427262680000
-43.2397846090000,-22.8422114630000
-43.2398195229999,-22.8416001299999
-43.2398544360000,-22.8411818470000
-43.2400290029999,-22.8408279150000
-43.2403083100000,-22.8404739809999
-43.2406923569999,-22.8401843990000
-43.2410414910000,-22.8398626400000
-43.2414604510000,-22.8397339360000
-43.2421238060000,-22.8395730559999
-43.2428569870000,-22.8395408799999
-43.2432410340000,-22.8393478239999
-43.2433457740000,-22.8388973580000
-43.2432759470000,-22.8384790680000
-43.2430315539999,-22.8380929519999
-43.2428918999999,-22.8376424820000
-43.2427871600000,-22.8372563639999
-43.2421587189999,-22.8371920110000
-43.2413906250000,-22.8372563639999
-43.2410414910000,-22.8374494230000
-43.2404130500000,-22.8377390110000
-43.2397496959999,-22.8380607749999
-43.2392958219999,-22.8384147149999
-43.2388768609999,-22.8387686540000
-43.2382484200000,-22.8392191199999
-43.2374803260000,-22.8393478239999
-43.2366773180000,-22.8392834719999
-43.2355600900000,-22.8389938870000
-43.2349316490000,-22.8388330060000
-43.2338493340000,-22.8387043010000
-43.2330812399999,-22.8386721250000
-43.2324527990000,-22.8384790680000
-43.2317894450000,-22.8380607749999
-43.2314403109999,-22.8376424820000
-43.2314053970000,-22.8371920110000
-43.2316497910000,-22.8369667749999
-43.2319640119999,-22.8364197710000
-43.2316847050000,-22.8362588870000
-43.2310562640000,-22.8363554170000
-43.2304278229999,-22.8368702449999
-43.2381972269999,-22.8332065389999
-43.2387092900000,-22.8334210560000
-43.2391748010000,-22.8336784750000
-43.2406178880000,-22.8335497649999
-43.2418747689999,-22.8333781520000
-43.2428057929999,-22.8330349249999
-43.2438299189999,-22.8324342760000
-43.2451333519999,-22.8318765289999
-43.2464367850000,-22.8314474900000
-43.2468941105502,-22.8312502615551
-43.2472747060000,-22.8310184499999
-43.2480195249999,-22.8305894090000
-43.2484384849999,-22.8299458450000
-43.2486246900000,-22.8293022779999
-43.2491559182789,-22.8288653619429
-43.2498815720000,-22.8283583740000
-43.2512315559999,-22.8283583740000
-43.2517901700000,-22.8280151339999
-43.2518367209999,-22.8269425050000
-43.2519763749999,-22.8260843959999
-43.2518367209999,-22.8256553400000
-43.2511876135987,-22.8257554458801
-43.2509056980000,-22.8256553400000
-43.2507660440000,-22.8252691869999
-43.2505332880000,-22.8246685039999
-43.2506729419999,-22.8239820059999
-43.2516505160000,-22.8232096909999
-43.2584437569999,-22.8319139910000
-43.2578945089999,-22.8324662210000
-43.2570956049999,-22.8329264109999
-43.2568459470000,-22.8335706749999
-43.2560969730000,-22.8341689170000
-43.2555976580000,-22.8349512290000
-43.2553979320000,-22.8359176090000
-43.2549485480000,-22.8367919469999
-43.2538999850000,-22.8372521219999
-43.2523521070000,-22.8377583130000
-43.2511038179999,-22.8380344170000
-43.2500053230000,-22.8384025540000
-43.2491564869999,-22.8388627239999
-43.2475586770000,-22.8394609430000
-43.2471592250000,-22.8397370430000
-43.2457611409999,-22.8403812740000
-43.2450620989999,-22.8407033889999
-43.2443131259999,-22.8412555829999
-43.2437139469999,-22.8425440290000
-43.2433644260000,-22.8435103539999
-43.2430149060000,-22.8447067480000
-43.2425155900000,-22.8456270440000
-43.2422995697676,-22.8461829559041
-43.2422161801397,-22.8465740574601
-43.2422160010000,-22.8471455189999
-43.2416168220000,-22.8476516730000
-43.2407180539999,-22.8488940439999
-43.2401688070000,-22.8498603249999
-43.2397194229999,-22.8508726119999
-43.2394142850000,-22.8518900039999
-43.2389149700000,-22.8530403120000
-43.2387152439999,-22.8540525750000
-43.2384156539999,-22.8549728079999
-43.2381160650000,-22.8558010120000
-43.2378164760000,-22.8566752220000
-43.2377665440000,-22.8579635209999
-43.2376666810000,-22.8591597870000
-43.2372672290000,-22.8602180149999
-43.2369676389999,-22.8610461869999
-43.2366181180000,-22.8620123809999
-43.2360688709999,-22.8628865509999
-43.2349703770000,-22.8636226899999
-43.2339218140000,-22.8642668080000
-43.2335722929999,-22.8644508410000
-43.2333725669999,-22.8650489470000
-43.2331728409999,-22.8659691060000
-43.2328732519999,-22.8668892579999
-43.2326735249999,-22.8674873529999
-43.2324238670000,-22.8680394390000
-43.2318246889999,-22.8681314529999
-43.2310257839999,-22.8681774599999
-43.2303766739999,-22.8682234669999
-43.2292282480000,-22.8685915220000
-43.2279300269999,-22.8688675630000
-43.2271810540000,-22.8690515900000
-43.2260825599999,-22.8695576630000
-43.2256831069999,-22.8701097399999
-43.2256831069999,-22.8706158090000
-43.2257829699999,-22.8717199529999
-43.2260326280000,-22.8725020500000
-43.2262323540000,-22.8733761519999
-43.2260326280000,-22.8739282139999
-43.2253335859999,-22.8741122339999
-43.2245346809999,-22.8741122339999
-43.2237857080000,-22.8736981879999
-43.2226872139999,-22.8733301469999
-43.2219382409999,-22.8727780830000
-43.2210894040000,-22.8726400659999
-43.2202904990000,-22.8725480550000
-43.2194915940000,-22.8724560439999
-43.2186926890000,-22.8726400659999
-43.2180935110000,-22.8732381360000
-43.2182932370000,-22.8739282139999
-43.2190422100000,-22.8743882639999
-43.2193917310000,-22.8750323309999
-43.2192419360000,-22.8752623539999
-43.2188424840000,-22.8752623539999
-43.2182433049999,-22.8752623539999
-43.2173944690000,-22.8756303900000
-43.2169950159999,-22.8756763950000
-43.2172446740000,-22.8745722829999
-43.2172946060000,-22.8740202239999
-43.2167453590000,-22.8736521829999
-43.2156967960000,-22.8733301469999
-43.2143486440000,-22.8729621039999
-43.2134498760000,-22.8729160990000
-43.2131502860000,-22.8726860719999
-43.2136995340000,-22.8720879990000
-43.2140490550000,-22.8717199529999
-43.2138493280000,-22.8711218759999
-43.2131502860000,-22.8705698030000
-43.2125511080000,-22.8696036700000
-43.2118520659999,-22.8686375290000
-43.2111530239999,-22.8676713820000
-43.2103541189999,-22.8670272800000
-43.2094553510000,-22.8668892579999
-43.2088561730000,-22.8678094029999
-43.2081571309999,-22.8686375290000
-43.2075579519999,-22.8693736370000
-43.2066591839999,-22.8699257150000
-43.2061099369999,-22.8701557469999
-43.2055107579999,-22.8706158090000
-43.2048117159999,-22.8715359299999
-43.2046619219999,-22.8721800100000
-43.2048117159999,-22.8729621039999
-43.2047617849999,-22.8737441940000
-43.2044122640000,-22.8743422589999
-43.2042624689999,-22.8748943169999
-43.2045620589999,-22.8754923770000
-43.2055107579999,-22.8762284469999
-43.2061099369999,-22.8766424849999
-43.2065593209999,-22.8771025260000
-43.2071085680000,-22.8777005760000
-43.2075579519999,-22.8783446280000
-43.2082070620000,-22.8790346790000
-43.2087063779999,-22.8797247269999
-43.2093055569999,-22.8802307610000
-43.2099047349999,-22.8806447859999
-43.2104539819999,-22.8808748000000
-43.2110531609999,-22.8811508160000
-43.2118021340000,-22.8816568439999
-43.2122515180000,-22.8819788599999
-43.2131003549999,-22.8831749159999
-43.2137494650000,-22.8838649429999
-43.2140989860000,-22.8844629629999
-43.2148479589999,-22.8851529839999
-43.2153972070000,-22.8856589970000
-43.2157966590000,-22.8861190069999
-43.2160962480000,-22.8865330150000
-43.2157467270000,-22.8873150259999
-43.2153472749999,-22.8879590319999
-43.2150976170000,-22.8886490340000
-43.2147480959999,-22.8897070320000
-43.2143985750000,-22.8908110199999
-43.2139491910000,-22.8919609989999
-43.2136496020000,-22.8927429789999
-43.2132501500000,-22.8934789559999
-43.2127508340000,-22.8940769339999
-43.2123513820000,-22.8948589020000
-43.2121017240000,-22.8956868630000
-43.2117522029999,-22.8963308289999
-43.2115524769999,-22.8969287939999
-43.2112029560000,-22.8973887660000
-43.2103041880000,-22.8975727549999
-43.2092556250000,-22.8972047779999
-43.2082070620000,-22.8966528110000
-43.2069088419999,-22.8961928360000
-43.2054608270000,-22.8956868630000
-43.2040627429999,-22.8950888909999
-43.2024150019999,-22.8945369159999
-43.2011167810000,-22.8939389390000
-43.1999683550000,-22.8934329570000
-43.1986202030000,-22.8929729719999
-43.1971721880000,-22.8923749890000
-43.1959238990000,-22.8920529969999
-43.1947255420000,-22.8919609989999
-43.1942761580000,-22.8919609989999
-43.1928281430000,-22.8919609989999
-43.1919293750000,-22.8919609989999
-43.1904585710577,-22.8919662211329
-43.1893811889248,-22.8922739005202
-43.1879417177283,-22.8928280444913
-43.1870860139999,-22.8932949620000
-43.1861864074624,-22.8936364837456
-43.1854518440288,-22.8938373999248
-43.1845894359999,-22.8942609270000
-43.1830789586069,-22.8947088000114
-43.1818298987514,-22.8950871934104
-43.1812023804045,-22.8953319492137
-43.1806296123294,-22.8954074798207
-43.1799957329999,-22.8943989209999
-43.1797460749999,-22.8937089480000
-43.1793485023589,-22.8928767442051
-43.1791024620697,-22.8922121163228
-43.1787408542750,-22.8923279422690
-43.1782520633376,-22.8925156273211
-43.1785050108366,-22.8933763820130
-43.1788160153612,-22.8940224744104
-43.1791206736936,-22.8947209079999
-43.1792467589999,-22.8953648779999
-43.1786687750809,-22.8954620891328
-43.1779612724912,-22.8955588566705
-43.1772580408034,-22.8957576058785
-43.1767232023698,-22.8963772675952
-43.1763534060403,-22.8968637078497
-43.1764236133698,-22.8973553592369
-43.1761104523409,-22.8981446833410
-43.1757515500000,-22.8986766789999
-43.1754020290000,-22.8989526590000
-43.1748028509999,-22.8995046170000
-43.1740606256936,-22.9003117282022
-43.1737014651502,-22.9007899231387
-43.1733548359999,-22.9012984640000
-43.1727556570000,-22.9017584209999
-43.1721564780000,-22.9022183760000
-43.1715573000000,-22.9026783299999
-43.1711079160000,-22.9033222629999
-43.1693103790000,-22.9042421619999
-43.1684116109999,-22.9046561140000
-43.1664642809999,-22.9046101200000
-43.1647666080000,-22.9046101200000
-43.1634184559999,-22.9045641250000
-43.1627693459999,-22.9044721359999
-43.1620203720000,-22.9047481039999
-43.1615210569999,-22.9053000380000
-43.1615210569999,-22.9062659169999
-43.1615210569999,-22.9075997400000
-43.1614211929999,-22.9087035829999
-43.1614211929999,-22.9093474869999
-43.1614211929999,-22.9101293659999
-43.1614211929999,-22.9108652490000
-43.1614211929999,-22.9116471199999
-43.1614211929999,-22.9121990260000
-43.1615210569999,-22.9129348969999
-43.1618206460000,-22.9136247730000
-43.1619704409999,-22.9144526190000
-43.1619704409999,-22.9149585229999
-43.1619704409999,-22.9155564069999
-43.1619704409999,-22.9160623060000
-43.1621701669999,-22.9167981560000
-43.1626694819999,-22.9169361280000
-43.1638179079999,-22.9164302320000
-43.1648165389999,-22.9160163150000
-43.1655155810000,-22.9156943790000
-43.1661147600000,-22.9152344699999
-43.1669635960000,-22.9147745580000
-43.1679622270000,-22.9144986110000
-43.1690607220000,-22.9144986110000
-43.1700593529999,-22.9144986110000
-43.1709081889999,-22.9145905930000
-43.1715573000000,-22.9150964960000
-43.1721564780000,-22.9155564069999
-43.1725559310000,-22.9160623060000
-43.1728555200000,-22.9167981560000
-43.1728555200000,-22.9174880120000
-43.1729054520000,-22.9184997949999
-43.1721065470000,-22.9190516729999
-43.1715573000000,-22.9193736009999
-43.1708083260000,-22.9195115700000
-43.1700094210000,-22.9194195909999
-43.1697098320000,-22.9187297449999
-43.1697098320000,-22.9180398950000
-43.1701592160000,-22.9175340030000
-43.1703090110000,-22.9169361280000
-43.1698096950000,-22.9167981560000
-43.1694102430000,-22.9171660800000
-43.1688609949999,-22.9177639540000
-43.1683117479999,-22.9181778649999
-43.1678623640000,-22.9187757339999
-43.1677125699999,-22.9198794859999
-43.1677125699999,-22.9207072940000
-43.1677625010000,-22.9215350970000
-43.1679622270000,-22.9221789410000
-43.1683616800000,-22.9234206299999
-43.1685614060000,-22.9241104520000
-43.1690107900000,-22.9249382340000
-43.1692604479999,-22.9257200239999
-43.1695600369999,-22.9264558220000
-43.1699095580000,-22.9270536550000
-43.1703589420000,-22.9278814190000
-43.1707084630000,-22.9288471380000
-43.1710080519999,-22.9296289050000
-43.1710579840000,-22.9303186959999
-43.1712577100000,-22.9311004540000
-43.1713076419999,-22.9319741790000
-43.1713076419999,-22.9325719879999
-43.1713575730000,-22.9333537330000
-43.1711578470000,-22.9342274440000
-43.1711578470000,-22.9348712259999
-43.1710080519999,-22.9353310700000
-43.1703090110000,-22.9354690219999
-43.1698096950000,-22.9356529590000
-43.1693603109999,-22.9360668149999
-43.1689109270000,-22.9366646060000
-43.1686264147704,-22.9369478621474
-43.1685234913770,-22.9375916311473
-43.1685990984261,-22.9384581333769
-43.1688774908687,-22.9391547153934
-43.1693087387048,-22.9397665101804
-43.1697793192622,-22.9404422323934
-43.1702861731474,-22.9410150485738
-43.1708747538688,-22.9416552106886
-43.1714270602622,-22.9422069956886
-43.1721548367048,-22.9427447589017
-43.1727132638852,-22.9432223509508
-43.1732201177704,-22.9436609693934
-43.1739434157213,-22.9440922436886
-43.1745501336065,-22.9443115524099
-43.1753808324426,-22.9442797575738
-43.1762084728852,-22.9440038695738
-43.1769499080000,-22.9435619969999
-43.1777488130000,-22.9431941450000
-43.1780983329999,-22.9431021819999
-43.1785976490000,-22.9431021819999
-43.1790969650000,-22.9433780709999
-43.1794964170000,-22.9437919040000
-43.1800456639999,-22.9444356409999
-43.1802453900000,-22.9452173180000
-43.1803951849999,-22.9458610490000
-43.1804950479999,-22.9471025210000
-43.1804950479999,-22.9476542830000
-43.1802953219999,-22.9484819210000
-43.1798459379999,-22.9485738809999
-43.1789971020000,-22.9486198599999
-43.1783479910000,-22.9488037790000
-43.1776988809999,-22.9489876979999
-43.1768999760000,-22.9492635750000
-43.1763007970000,-22.9494934720000
-43.1751024399999,-22.9500452239999
-43.1743534670000,-22.9505050159999
-43.1735545619999,-22.9509188270000
-43.1728555200000,-22.9514245939999
-43.1723562040000,-22.9519763379999
-43.1717070939999,-22.9522981879999
-43.1712577100000,-22.9522981879999
-43.1711578470000,-22.9518384020000
-43.1709581210000,-22.9512866580000
-43.1702795149214,-22.9514843573594
-43.1700897494813,-22.9518644598801
-43.1699594899999,-22.9522981879999
-43.1695850324099,-22.9519579884424
-43.1691202889345,-22.9515040832293
-43.1686612690000,-22.9511947000000
-43.1681619540000,-22.9505509949999
-43.1678119181983,-22.9498314253202
-43.1670532410392,-22.9491877133202
-43.1663644179999,-22.9484819210000
-43.1657652389999,-22.9481140820000
-43.1650642702130,-22.9476190102785
-43.1642654240329,-22.9477745866392
-43.1637732919338,-22.9480578662764
-43.1631687979999,-22.9477002630000
-43.1632686609999,-22.9471025210000
-43.1636681140000,-22.9464587959999
-43.1637679770000,-22.9460449720000
-43.1637721075037,-22.9458378740685
-43.1635682500000,-22.9454012420000
-43.1632686609999,-22.9448034900000
-43.1629191400000,-22.9442057350000
-43.1623698929999,-22.9436539599999
-43.1617707139999,-22.9433780709999
-43.1609007240259,-22.9433024734363
-43.1599731779999,-22.9432861079999
-43.1593211150649,-22.9434990918208
-43.1585750949999,-22.9435160150000
-43.1578261209999,-22.9433320889999
-43.1576280710751,-22.9427385587947
-43.1577761900000,-22.9421825469999
-43.1580757790000,-22.9418146910000
-43.1579759160000,-22.9412169230000
-43.1570272160000,-22.9407532802003
-43.1561783799999,-22.9403432579999
-43.1555792010000,-22.9398374490000
-43.1546206696405,-22.9394772275991
-43.1537621304814,-22.9387446426817
-43.1531325550000,-22.9387698824400
-43.1523336500000,-22.9385499279999
-43.1516052421218,-22.9386618151197
-43.1514657942830,-22.9390779830805
-43.1518842660000,-22.9394695870000
-43.1517344709999,-22.9398374490000
-43.1511359370020,-22.9402428322788
-43.1510262416425,-22.9406797354813
-43.1515846770000,-22.9413088880000
-43.1518450677623,-22.9418721353987
-43.1523949587644,-22.9421648124359
-43.1529641268842,-22.9421180123140
-43.1534437791652,-22.9421133733926
-43.1538636670867,-22.9420014882728
-43.1542831694069,-22.9418812778367
-43.1545317978037,-22.9421334289174
-43.1547009981218,-22.9425748296364
-43.1551298170000,-22.9428722740000
-43.1559287220000,-22.9432861079999
-43.1561284480000,-22.9437459220000
-43.1560285850000,-22.9443436790000
-43.1557289960000,-22.9449874139999
-43.1554793380000,-22.9455851649999
-43.1551298170000,-22.9462748740000
-43.1547802960000,-22.9471025210000
-43.1541915933615,-22.9474627174007
-43.1535523147210,-22.9477324596404
-43.1523749084442,-22.9481378269194
-43.1518349780020,-22.9483960987603
-43.1514732851421,-22.9488220254375
-43.1508675166859,-22.9489777374400
-43.1507769702438,-22.9493317890805
-43.1509434032545,-22.9496929098853
-43.1507215354913,-22.9500459558539
-43.1504804703644,-22.9503565895195
-43.1501306466340,-22.9507679036744
-43.1503413775268,-22.9512073253151
-43.1508227127747,-22.9514683586908
-43.1513934360200,-22.9515875933824
-43.1520136457508,-22.9515783545621
-43.1528235736865,-22.9518912118361
-43.1539198120169,-22.9521719354272
-43.1548821853390,-22.9527010520666
-43.1567756690240,-22.9532208584317
-43.1584594812291,-22.9532603611089
-43.1595274236167,-22.9535130197585
-43.1602898114164,-22.9532632438509
-43.1609650213751,-22.9529387630025
-43.1614863859335,-22.9534798019314
-43.1625088249351,-22.9538603041984
-43.1632505749246,-22.9540805426904
-43.1636114797893,-22.9543410045609
-43.1642173609999,-22.9542752470000
-43.1643671550000,-22.9549649130000
-43.1643671550000,-22.9557005519999
-43.1643225112667,-22.9562809553454
-43.1638592514490,-22.9565459670773
-43.1632560745556,-22.9566781466161
-43.1627918262478,-22.9568995931515
-43.1625484709329,-22.9572960854971
-43.1617813941210,-22.9573270476545
-43.1610342290316,-22.9571493216569
-43.1602421654053,-22.9573370710058
-43.1596122688183,-22.9576125556714
-43.1595388515568,-22.9579438618848
-43.1601001395922,-22.9580052210609
-43.1599227101289,-22.9584225217368
-43.1592168878964,-22.9587996519941
-43.1593655608907,-22.9591920379519
-43.1597150818906,-22.9593322487638
-43.1600252454242,-22.9596449838848
-43.1597911391333,-22.9600695680646
-43.1598330487026,-22.9603974353032
-43.1602633144723,-22.9607939186486
-43.1600508775146,-22.9613060268483
-43.1601527713513,-22.9616888496909
-43.1597012509271,-22.9621845603396
-43.1591997995029,-22.9623097423090
-43.1586296351268,-22.9624521365817
-43.1585465222420,-22.9630389671092
-43.1587185863149,-22.9635792864183
-43.1592667133090,-22.9644027320305
-43.1605521177637,-22.9651069176370
-43.1611512967638,-22.9652908156369
-43.1620957239153,-22.9654114409824
-43.1632822807885,-22.9652179848672
-43.1641183002433,-22.9647728074737
-43.1647270393584,-22.9641337150975
-43.1650023284489,-22.9634550179212
-43.1662792947944,-22.9636698680787
-43.1675627730000,-22.9642520610000
-43.1685614060000,-22.9648497270000
-43.1703090110000,-22.9655853109999
-43.1742036709999,-22.9676541229999
-43.1767002500000,-22.9685735860000
-43.1782481270000,-22.9694470679999
-43.1795962800000,-22.9700447119999
-43.1803951840000,-22.9707802689999
-43.1816934059999,-22.9715617939999
-43.1826920370000,-22.9723433139999
-43.1834410089999,-22.9729869160000
-43.1841899829999,-22.9738143989999
-43.1854882040000,-22.9751475560000
-43.1868363549999,-22.9769404010000
-43.1878349860000,-22.9780436790000
-43.1885340269999,-22.9794227619999
-43.1888336179999,-22.9806639270000
-43.1890333429999,-22.9818131429999
-43.1891831380000,-22.9831462210000
-43.1890832760000,-22.9843413830000
-43.1887337549999,-22.9852147640000
-43.1882843709999,-22.9857663690000
-43.1872857389999,-22.9856744359999
-43.1865367669999,-22.9854445979999
-43.1857877930000,-22.9854445979999
-43.1848390940000,-22.9857204029999
-43.1838903939999,-22.9859042689999
-43.1832912149999,-22.9860881390000
-43.1837405980000,-22.9866397420000
-43.1848390940000,-22.9866857089999
-43.1858876560000,-22.9869155419999
-43.1867864229999,-22.9873292419999
-43.1877351240000,-22.9876969739999
-43.1883343030000,-22.9882485689999
-43.1893329339999,-22.9886162990000
-43.1902816330000,-22.9891219259999
-43.1904813600000,-22.9898573779999
-43.1897823180000,-22.9903629989999
-43.1892830020000,-22.9905468619999
-43.1904813600000,-22.9908686199999
-43.1915798539999,-22.9908686199999
-43.1919293750000,-22.9906847590000
-43.1924786210000,-22.9901791380000
-43.1935771160000,-22.9897654469999
-43.1948753369999,-22.9892138560000
-43.1961236259999,-22.9888001629999
-43.1974218460000,-22.9884784009999
-43.2000682189999,-22.9884784009999
-43.2035634279999,-22.9882026040000
-43.2043124010000,-22.9879727719999
-43.2053110319999,-22.9877889070000
-43.2064200614620,-22.9873736960188
-43.2077160618408,-22.9873160264392
-43.2094203947045,-22.9871856473862
-43.2112329064090,-22.9869640029960
-43.2135863492727,-22.9869379271854
-43.2155331156287,-22.9869248892801
-43.2178405030908,-22.9869509650907
-43.2201614931021,-22.9872377990074
-43.2213687305870,-22.9874985571135
-43.2229454696629,-22.9878766563673
-43.2246582967891,-22.9879089322688
-43.2258828339999,-22.9882945350000
-43.2269106571545,-22.9886528079227
-43.2268814649999,-22.9893517550000
-43.2270312570000,-22.9899033430000
-43.2274307119999,-22.9905008950000
-43.2285374964045,-22.9909692538554
-43.2292239640685,-22.9911796714340
-43.2299855114046,-22.9911990808554
-43.2306811369335,-22.9910418808327
-43.2312754420000,-22.9913282729999
-43.2319744829999,-22.9916500290000
-43.2325736619999,-22.9921096789999
-43.2330582299349,-22.9928065250325
-43.2331728399999,-22.9934886200000
-43.2329231830000,-22.9939942280000
-43.2321742089999,-22.9943159770000
-43.2317747570000,-22.9949135099999
-43.2316748940000,-22.9954191120000
-43.2324443303102,-22.9955054891722
-43.2334795115235,-22.9952845542233
-43.2339503909012,-22.9955340810675
-43.2338470078337,-22.9961815104764
-43.2354197610000,-22.9970278339999
-43.2369177080000,-22.9976253569999
-43.2380040565347,-22.9981162181965
-43.2392523455347,-22.9984839201966
-43.2397138750000,-22.9989123169999
-43.2399635329999,-22.9994179029999
-43.2402110700057,-22.9998341848613
-43.2405299280850,-23.0003982770998
-43.2410601918149,-23.0006151695896
-43.2420280573970,-23.0007533403572
-43.2426586139999,-23.0009860190000
-43.2431896800000,-23.0011585530000
-43.2443061912325,-23.0012222813695
-43.2462843815882,-23.0012624422287
-43.2480507399169,-23.0006088206490
-43.2488304897524,-22.9997819226880
-43.2509297502620,-22.9996653445716
-43.2536360384213,-22.9992704636196
-43.2573081728355,-22.9995045520071
-43.2605992402335,-22.9998677529058
-43.2625980461117,-23.0001676907867
-43.2639360693250,-23.0003245663102
-43.2650360621587,-23.0003775913572
-43.2661504859999,-23.0004952450000
-43.2675312954192,-23.0008082412779
-43.2691182089999,-23.0012735729999
-43.2702115800000,-23.0014748630000
-43.2716173450000,-23.0019061959999
-43.2728356709999,-23.0023087709999
-43.2741164799999,-23.0027113449999
-43.2753972870000,-23.0031426729999
-43.2756992920115,-23.0036880260635
-43.2758103928901,-23.0043964906647
-43.2764281810000,-23.0051555199999
-43.2769904850000,-23.0055293310000
-43.2778964230000,-23.0058456309999
-43.2788648380000,-23.0061906850000
-43.2798020129999,-23.0062481949999
-43.2807704269999,-23.0063632129999
-43.2813327339999,-23.0063919669999
-43.2816763650000,-23.0068520380000
-43.2825510620000,-23.0074558769999
-43.2835819560000,-23.0080022079999
-43.2848002840000,-23.0086347960000
-43.2858624160000,-23.0090373520000
-43.2862651280982,-23.0094418825838
-43.2864769262599,-23.0096689440635
-43.2870912276299,-23.0101250396068
-43.2871918682889,-23.0108071944046
-43.2872057019999,-23.0114526580000
-43.2867995920000,-23.0121139850000
-43.2863934830000,-23.0126027880000
-43.2862060480000,-23.0134078739999
-43.2861748090000,-23.0141266970000
-43.2857999369999,-23.0146729970000
-43.2853625900000,-23.0149892789999
-43.2854563069999,-23.0154780730000
-43.2858624160000,-23.0161393770000
-43.2864872000000,-23.0164269030000
-43.2867995920000,-23.0163118919999
-43.2868462895833,-23.0155643290000
-43.2869062420808,-23.0150682408228
-43.2871283888177,-23.0148193318178
-43.2873590582968,-23.0147564636120
-43.2879955169427,-23.0151467719375
-43.2887989009999,-23.0151905459999
-43.2897048359999,-23.0153918149999
-43.2905795350000,-23.0155643290000
-43.2919228190000,-23.0157943490000
-43.2927350390000,-23.0159956170000
-43.2934223000000,-23.0161968839999
-43.2938325167707,-23.0166805219323
-43.2945481800675,-23.0168199912814
-43.2957412422067,-23.0168425300339
-43.2964730125885,-23.0163801264114
-43.2975771120000,-23.0163693979999
-43.2987329629999,-23.0163693979999
-43.2994202260000,-23.0163693979999
-43.3003886410000,-23.0163981500000
-43.3012320990000,-23.0166281689999
-43.3022942310000,-23.0168294349999
-43.3032938859999,-23.0168581869999
-43.3042310620000,-23.0168581869999
-43.3051057589999,-23.0169156910000
-43.3060741739999,-23.0173469740000
-43.3071675450000,-23.0173469740000
-43.3078548079999,-23.0173469740000
-43.3083546340000,-23.0173469740000
-43.3089169390000,-23.0172319659999
-43.3096042030000,-23.0170307000000
-43.3104476590000,-23.0168006820000
-43.3117284680000,-23.0164269030000
-43.3123844909999,-23.0162831410000
-43.3131342320000,-23.0160818720000
-43.3138839710000,-23.0158518530000
-43.3144775160000,-23.0156793400000
-43.3150710610000,-23.0156505879999
-43.3159145189999,-23.0155068239999
-43.3168516949999,-23.0151905459999
-43.3176951540000,-23.0149605259999
-43.3184448940000,-23.0149605259999
-43.3191321560000,-23.0151617939999
-43.3200380930000,-23.0151330409999
-43.3207253539999,-23.0149317730000
-43.3215688130000,-23.0145292360000
-43.3222873150000,-23.0141842029999
-43.3227559030000,-23.0138104159999
-43.3232557290000,-23.0135516380000
-43.3239117529999,-23.0136091440000
-43.3244428189999,-23.0138966739999
-43.3251613209999,-23.0138679210000
-43.3257861029999,-23.0136666509999
-43.3260672569999,-23.0135228860000
-43.3266608019999,-23.0136378979999
-43.3277021059999,-23.0136187299999
-43.3285768059999,-23.0135420550000
-43.3302845479999,-23.0134653790000
-43.3313258549999,-23.0134653790000
-43.3325754199999,-23.0133503690000
-43.3340332489999,-23.0130053320000
-43.3353244699999,-23.0128519829999
-43.3366156910000,-23.0128519829999
-43.3379485630000,-23.0128519829999
-43.3392397830000,-23.0128519829999
-43.3402394370000,-23.0128519829999
-43.3419055280000,-23.0128519829999
-43.3436132700000,-23.0128519829999
-43.3451960559999,-23.0128136439999
-43.3470287550000,-23.0124302699999
-43.3479451039999,-23.0122002439999
-43.3492779770000,-23.0119318800000
-43.3502359789999,-23.0118552050000
-43.3514855469999,-23.0120468940000
-43.3527351119999,-23.0123152569999
-43.3533182460000,-23.0126219580000
-43.3539013770000,-23.0126602950000
-43.3552342500000,-23.0126602950000
-43.3561505989999,-23.0125069449999
-43.3574418190000,-23.0125069449999
-43.3589413000000,-23.0125069449999
-43.3606906950000,-23.0125069449999
-43.3621068699999,-23.0125069449999
-43.3628982649999,-23.0127753080000
-43.3641061799999,-23.0128903199999
-43.3651058330000,-23.0128903199999
-43.3662304450000,-23.0130053320000
-43.3671051429999,-23.0133887049999
-43.3683963629999,-23.0131586809999
-43.3693127120000,-23.0132736940000
-43.3708121940000,-23.0131586809999
-43.3729781099999,-23.0131586809999
-43.3746025490000,-23.0131970190000
-43.3760603780000,-23.0134653790000
-43.3772682929999,-23.0134653790000
-43.3789760360000,-23.0134653790000
-43.3805171679999,-23.0135037179999
-43.3818916929999,-23.0135037179999
-43.3831829140000,-23.0137720779999
-43.3842242200000,-23.0140021010000
-43.3856820490000,-23.0140404379999
-43.3873897920000,-23.0140787750000
-43.3885560539999,-23.0142321239999
-43.3899722320000,-23.0145388200000
-43.3916799729999,-23.0145388200000
-43.3925130189999,-23.0145388200000
-43.3939291960000,-23.0146538290000
-43.3949288479999,-23.0147688420000
-43.3964699840000,-23.0151522089999
-43.3980111159999,-23.0148838510000
-43.3995939030000,-23.0151905459999
-43.4005935559999,-23.0152672209999
-43.4009684259999,-23.0151138719999
-43.4016348630000,-23.0149605259999
-43.4023012989999,-23.0151905459999
-43.4029677360000,-23.0155739140000
-43.4042173029999,-23.0159572809999
-43.4055085230000,-23.0163023089999
-43.4069663520000,-23.0167623459999
-43.4086324419999,-23.0169156910000
-43.4099236620000,-23.0169923639999
-43.4110482729999,-23.0170690370000
-43.4125894070000,-23.0173757249999
-43.4137556700000,-23.0176824150000
-43.4155883690000,-23.0179507679999
-43.4170878510000,-23.0179891040000
-43.4180875040000,-23.0181041100000
-43.4190455069999,-23.0186024769999
-43.4205033360000,-23.0184491349999
-43.4210864670000,-23.0184874700000
-43.4219195119999,-23.0185258040000
-43.4228775119999,-23.0187558209999
-43.4241687329999,-23.0191775140000
-43.4252100409999,-23.0192541839999
-43.4263763040000,-23.0195992050000
-43.4275009149999,-23.0199058899999
-43.4292503089999,-23.0203275789999
-43.4306248339999,-23.0205575910000
-43.4322492720000,-23.0205959249999
-43.4335821429999,-23.0209409430000
-43.4352065820000,-23.0210942830000
-43.4367060620000,-23.0214776340000
-43.4382055449999,-23.0220526579999
-43.4401632009999,-23.0224743389999
-43.4419125950000,-23.0228193520000
-43.4438702510000,-23.0231643630000
-43.4451198190000,-23.0234327050000
-43.4488685220000,-23.0243910620000
-43.4497848719999,-23.0246594010000
-43.4507428730000,-23.0248510719999
-43.4518258320000,-23.0251194099999
-43.4525755729999,-23.0254260810000
-43.4533253140000,-23.0258477530000
-43.4541583570000,-23.0257710849999
-43.4549080990000,-23.0255027479999
-43.4553246209999,-23.0256560839999
-43.4558244490000,-23.0262694230000
-43.4563242759999,-23.0267677599999
-43.4574905389999,-23.0270744269999
-43.4592399340000,-23.0276877610000
-43.4609476769999,-23.0283777560000
-43.4627803760000,-23.0289527499999
-43.4652378590000,-23.0297577400000
-43.4665707310000,-23.0298727359999
-43.4675703849999,-23.0303327280000
-43.4681951690000,-23.0307543840000
-43.4689449089999,-23.0312143720000
-43.4693197800000,-23.0318660189999
-43.4696946510000,-23.0328626470000
-43.4698316710000,-23.0335432429999
-43.4694975909999,-23.0337661409999
-43.4691802149999,-23.0341581329999
-43.4690048229999,-23.0346500439999
-43.4688628379999,-23.0350112899999
-43.4686289819999,-23.0353494759999
-43.4683867740000,-23.0355339409999
-43.4680443419999,-23.0357260919999
-43.4678522459999,-23.0360104750000
-43.4677019089999,-23.0361795669999
-43.4675432209999,-23.0366176679999
-43.4674680529999,-23.0369558510000
-43.4675682769999,-23.0373094039999
-43.4678438939999,-23.0375169249999
-43.4681863259999,-23.0377244439999
-43.4684034779999,-23.0379780789999
-43.4686874459999,-23.0382086559999
-43.4690131749999,-23.0383393159999
-43.4695226469999,-23.0383777449999
-43.4706000559999,-23.0383316300000
-43.4710009519999,-23.0383316300000
-43.4712849209999,-23.0382317139999
-43.4717080890000,-23.0382001159999
-43.4718565690000,-23.0379405030000
-43.4718417199999,-23.0376262339999
-43.4715744570000,-23.0374759329999
-43.4711290160000,-23.0373529580000
-43.4705796400000,-23.0371753269999
-43.4701787440000,-23.0371206719999
-43.4700033509999,-23.0368268970000
-43.4700451119999,-23.0365655739999
-43.4702205040000,-23.0364425990000
-43.4705378799999,-23.0363734229999
-43.4706833900000,-23.0362507940000
-43.4710657450000,-23.0363010600000
-43.4712703690000,-23.0363279609999
-43.4714983599999,-23.0364579710000
-43.4718073839999,-23.0364810279999
-43.4722166329999,-23.0364579710000
-43.4725340100000,-23.0361966469999
-43.4725259710000,-23.0360827340000
-43.4724922500000,-23.0356048230000
-43.4723419140000,-23.0352435800000
-43.4721164090000,-23.0350591140000
-43.4718825519999,-23.0349668800000
-43.4714185529999,-23.0342887969999
-43.4711679929999,-23.0339275499999
-43.4707503920000,-23.0338583749999
-43.4706084079999,-23.0335355569999
-43.4717772619999,-23.0330926390000
-43.4723603939999,-23.0327093210000
-43.4730042375760,-23.0323809690569
-43.4739041934177,-23.0322609091707
-43.4747607002720,-23.0321685025884
-43.4759411547911,-23.0321144260062
-43.4769837949999,-23.0321343429999
-43.4779001450000,-23.0321343429999
-43.4788997969999,-23.0322493389999
-43.4798161489999,-23.0324409980000
-43.4806075420000,-23.0328243160000
-43.4812739779999,-23.0331693019999
-43.4821491377786,-23.0333270763733
-43.4831066760000,-23.0335142860000
-43.4837731109999,-23.0337442759999
-43.4848977240000,-23.0339359319999
-43.4855641599999,-23.0341659220000
-43.4863972039999,-23.0343959099999
-43.4868553789999,-23.0347792229999
-43.4875218160000,-23.0350858710000
-43.4885631229999,-23.0354691830000
-43.4899376470000,-23.0356225060000
-43.4910206060000,-23.0356225060000
-43.4919369550000,-23.0358141619999
-43.4929366099999,-23.0362357999999
-43.4941861759999,-23.0364657859999
-43.4948942659999,-23.0366957699999
-43.4957689619999,-23.0371940680000
-43.4967269649999,-23.0377690249999
-43.4978300402430,-23.0380167767927
-43.4984572177716,-23.0376349264175
-43.4989345339999,-23.0381139970000
-43.4990613970211,-23.0390535507357
-43.4994535042284,-23.0400173755644
-43.5000918404926,-23.0411149834925
-43.5011945289640,-23.0411498246638
-43.5019950187839,-23.0408455365782
-43.5027985658646,-23.0409088682495
-43.5039468136934,-23.0405697060276
-43.5051097683720,-23.0408525971417
-43.5062825369185,-23.0416455717029
-43.5072608543149,-23.0426256652462
-43.5071742730000,-23.0436371780000
-43.5070982170000,-23.0442178779999
-43.5067179290000,-23.0447105910000
-43.5063376399999,-23.0453792720000
-43.5063946850000,-23.0462239150000
-43.5071742730000,-23.0468222000000
-43.5078778059999,-23.0478076059999
-43.5089426109999,-23.0486170409999
-43.5110532059999,-23.0488809850000
-43.5131828179999,-23.0492681050000
-43.5156546869999,-23.0496552210000
-43.5187350160000,-23.0499191659999
-43.5220435160000,-23.0501127219999
-43.5233174799999,-23.0501303200000
-43.5257323069999,-23.0501479159999
-43.5268351399999,-23.0502182990000
-43.5281471330000,-23.0507285870000
-43.5289077070000,-23.0510981039999
-43.5296302540000,-23.0511860850000
-43.5302196999999,-23.0511860850000
-43.5311514049999,-23.0511508919999
-43.5322542390000,-23.0510101249999
-43.5333570729999,-23.0510277200000
-43.5342507480000,-23.0511860850000
-43.5350113240000,-23.0514500249999
-43.5358099279999,-23.0517139650000
-43.5359810570000,-23.0520658810000
-43.5356931391604,-23.0524589640498
-43.5354403102258,-23.0527361487668
-43.5352775240000,-23.0529808670000
-43.5350493530000,-23.0535439310000
-43.5351254079999,-23.0541597789999
-43.5354486540000,-23.0548284109999
-43.5363043010000,-23.0556202079999
-43.5378254520000,-23.0565527630000
-43.5390423719999,-23.0569046680000
-43.5398980179999,-23.0570278339999
-43.5405635219999,-23.0576084759999
-43.5411719809999,-23.0581187360000
-43.5418374859999,-23.0587697540000
-43.5425029889999,-23.0592976030000
-43.5433966650000,-23.0598254509999
-43.5446516140000,-23.0598606409999
-43.5459826200000,-23.0600717780000
-43.5478270149999,-23.0608283550000
-43.5491009770000,-23.0620423870000
-43.5494242220000,-23.0624822509999
-43.5494622509999,-23.0629045190000
-43.5493861939999,-23.0632036239999
-43.5490819640000,-23.0635203240000
-43.5485115320000,-23.0638898060000
-43.5480551859999,-23.0642416909999
-43.5478270149999,-23.0645759829999
-43.5478650429999,-23.0650862149999
-43.5483023730000,-23.0654380970000
-43.5488537899999,-23.0657547929999
-43.5495002800000,-23.0660714859999
-43.5502608539999,-23.0664233670000
-43.5506981860000,-23.0667400570000
-43.5513446749999,-23.0673382519999
-43.5515728469999,-23.0678660670000
-43.5515728469999,-23.0683938810000
-43.5515728469999,-23.0688337239999
-43.5518580619999,-23.0691855969999
-43.5523089375311,-23.0698236728371
-43.5525425790000,-23.0703819590000
-43.5524855370000,-23.0711560700000
-43.5522003220000,-23.0717366500000
-43.5515538330000,-23.0720533290000
-43.5508312860000,-23.0722820420000
-43.5502798690000,-23.0724051939999
-43.5493101360000,-23.0726866840000
-43.5487967479999,-23.0730385479999
-43.5488728050000,-23.0738302370000
-43.5497664810000,-23.0742172830000
-43.5507171999999,-23.0745691409999
-43.5513636880000,-23.0753080430000
-43.5519531350000,-23.0761876810000
-43.5528087820000,-23.0766099039999
-43.5539496430000,-23.0765747200000
-43.5542728890000,-23.0760293460000
-43.5542728890000,-23.0753784119999
-43.5543489460000,-23.0746922929999
-43.5547482470000,-23.0740589460000
-43.5552426220000,-23.0738830160000
-43.5561172840000,-23.0739885739999
-43.5577905480000,-23.0742348759999
-43.5589694399999,-23.0744108060000
-43.5605476329999,-23.0747802569999
-43.5617075110000,-23.0751497070000
-43.5631145749999,-23.0758710119999
-43.5644836100000,-23.0759413820000
-43.5659667299999,-23.0758182339999
-43.5669935079999,-23.0754663779999
-43.5671836509999,-23.0750089649999
-43.5668223779999,-23.0744635839999
-43.5664420909999,-23.0740413530000
-43.5667499303618,-23.0737336849577
-43.5672364502340,-23.0735951466704
-43.5675972547234,-23.0735795802765
-43.5681343690000,-23.0739357949999
-43.5688379030000,-23.0741820960000
-43.5697125640000,-23.0742524689999
-43.5708914529999,-23.0741645039999
-43.5719372449999,-23.0739885739999
-43.5730781079999,-23.0739357949999
-43.5743710870000,-23.0736718999999
-43.5747513730000,-23.0732496660000
-43.5749225039999,-23.0727746510000
-43.5745232019999,-23.0722820420000
-43.5741809420000,-23.0720885159999
-43.5734393820000,-23.0721412940000
-43.5726978210000,-23.0725635329999
-43.5721464039999,-23.0725811249999
-43.5717090740000,-23.0723700080000
-43.5710245539999,-23.0720005499999
-43.5699407369999,-23.0719477699999
-43.5689710019999,-23.0718246170000
-43.5682864859999,-23.0715607150000
-43.5678681680000,-23.0709801340000
-43.5678681680000,-23.0701708370000
-43.5679822549999,-23.0692207840000
-43.5681343690000,-23.0683762870000
-43.5684766290000,-23.0676725350000
-43.5689329730000,-23.0669687800000
-43.5692562190000,-23.0664937429999
-43.5691421329999,-23.0659307339999
-43.5689139600000,-23.0652797510000
-43.5691198730000,-23.0646605170000
-43.5696745349999,-23.0642240979999
-43.5701879230000,-23.0636434839999
-43.5705301820000,-23.0630276790000
-43.5711956850000,-23.0624470620000
-43.5716900569999,-23.0620599819999
-43.5720703469999,-23.0614969540000
-43.5722985190000,-23.0610922760000
-43.5727358499999,-23.0607579759999
-43.5732492380000,-23.0603532959999
-43.5734964250000,-23.0599134229999
-43.5740478420000,-23.0596143110000
-43.5743710870000,-23.0595791210000
-43.5748274320000,-23.0592272240000
-43.5750556039999,-23.0588225389999
-43.5759112509999,-23.0585762090000
-43.5764626680000,-23.0585762090000
-43.5768239410000,-23.0583826619999
-43.5771091569999,-23.0581011419999
-43.5778317030000,-23.0580131659999
-43.5786112920000,-23.0579427850000
-43.5802275149999,-23.0574325259999
-43.5823571249999,-23.0565175720000
-43.5837641890000,-23.0556026120000
-43.5860649289999,-23.0547404339999
-43.5882896110000,-23.0548987920000
-43.5889551150000,-23.0551979170000
-43.5897347019999,-23.0549691740000
-43.5899058339999,-23.0544413090000
-43.5899058339999,-23.0540190139999
-43.5905523230000,-23.0538430579999
-43.5909135959999,-23.0540542049999
-43.5913889530000,-23.0545468810000
-43.5919023429999,-23.0545292870000
-43.5921685439999,-23.0541245880000
-43.5926248899999,-23.0539310359999
-43.5935185659999,-23.0537902689999
-43.5945073120000,-23.0538254620000
-43.5963517079999,-23.0538078650000
-43.6007059990000,-23.0528576970000
-43.6193781200000,-23.0521186710000
-43.6396094180000,-23.0528752920000
-43.6589470409999,-23.0543885220000
-43.6684882540000,-23.0549852289999
