-42.9547012749999,-22.9006166660000
-42.9547062130000,-22.9009271649999
-42.9555348059999,-22.9084055330000
-42.9716107860000,-22.9167833950000
-42.9821252899999,-22.9320418500000
-42.9850466880000,-22.9346557320000
-42.9923161479999,-22.9398429770000
-42.9999791010000,-22.9424994459999
-43.0222960280000,-22.9608807680000
-43.0232371300000,-22.9679039559999
-43.0242505342503,-22.9696637492503
-43.0239962321733,-22.9699848407456
-43.0236630994102,-22.9705824807456
-43.0243291723641,-22.9711072720000
-43.0250060424276,-22.9715037003815
-43.0255678218207,-22.9715470625202
-43.0258452418843,-22.9716016953294
-43.0256011730115,-22.9718193933410
-43.0248452607456,-22.9716528269594
-43.0235179295433,-22.9713188649710
-43.0229686825433,-22.9712728929710
-43.0220795540866,-22.9717595408092
-43.0209394174912,-22.9724352372774
-43.0196132448553,-22.9728333181097
-43.0186369763641,-22.9736799013641
-43.0169892343640,-22.9745351404276
-43.0160627053005,-22.9753626114276
-43.0135958537555,-22.9769856369181
-43.0151113535572,-22.9772464864567
-43.0163943616521,-22.9770856555730
-43.0178649789282,-22.9771232280375
-43.0195283988334,-22.9768002018030
-43.0206663490678,-22.9762398922525
-43.0220454989228,-22.9761124710770
-43.0233191580117,-22.9754229349092
-43.0241269165581,-22.9752008109525
-43.0241566318853,-22.9756839985901
-43.0239316857555,-22.9765578220409
-43.0243571260000,-22.9775891809999
-43.0243571260000,-22.9782787259999
-43.0241074670000,-22.9791061779999
-43.0240575359999,-22.9797957169999
-43.0244070580000,-22.9804852519999
-43.0253058260000,-22.9808070320000
-43.0263372837606,-22.9809944140898
-43.0277147050549,-22.9810395909300
-43.0291908607535,-22.9807547621738
-43.0302307280779,-22.9793433811025
-43.0304961357846,-22.9776197783967
-43.0304151625805,-22.9763937910472
-43.0309980210000,-22.9760356935309
-43.0319966549999,-22.9761181370000
-43.0334446699999,-22.9758882840000
-43.0346929590000,-22.9756124610000
-43.0355917269999,-22.9753826090000
-43.0364904940000,-22.9753826090000
-43.0371396030000,-22.9757963439999
-43.0382380990000,-22.9762100780000
-43.0390869359999,-22.9759802259999
-43.0395363190000,-22.9755664909999
-43.0399857020000,-22.9754285800000
-43.0407846090000,-22.9757963439999
-43.0417333079999,-22.9763939589999
-43.0429815969999,-22.9766697800000
-43.0436341413641,-22.9771729264335
-43.0437991824681,-22.9778407527167
-43.0442079325953,-22.9786380224104
-43.0451286539999,-22.9791521470000
-43.0459013356936,-22.9799024627818
-43.0472257790000,-22.9804852519999
-43.0481744790000,-22.9805312189999
-43.0493804600520,-22.9810402964567
-43.0500162156730,-22.9812157892174
-43.0512066568772,-22.9822366703462
-43.0519538315509,-22.9817557785708
-43.0522933020808,-22.9809754943872
-43.0525308651217,-22.9804757634690
-43.0524101616935,-22.9795458490409
-43.0522189350000,-22.9785085739999
-43.0521190709999,-22.9777270900000
-43.0517196200000,-22.9772673909999
-43.0509207150000,-22.9769915709999
-43.0500718780000,-22.9764399290000
-43.0492230419999,-22.9758423150000
-43.0488735200000,-22.9751987270000
-43.0482244110000,-22.9744172229999
-43.0475752999999,-22.9738195990000
-43.0470260530000,-22.9735897429999
-43.0466266000000,-22.9732219730000
-43.0466266000000,-22.9718887960000
-43.0474255060000,-22.9700039400000
-43.0482743420000,-22.9680271079999
-43.0496224939999,-22.9654525899999
-43.0511703710000,-22.9638434899999
-43.0532175659999,-22.9628780209999
-43.0553646229999,-22.9620044970000
-43.0570123649999,-22.9616366950000
-43.0587599689999,-22.9612229169999
-43.0611566830000,-22.9608091370000
-43.0627045620000,-22.9604873080000
-43.0645520300000,-22.9599815750000
-43.0659501119999,-22.9595218130000
-43.0680472390000,-22.9593838860000
-43.0691956649999,-22.9593838860000
-43.0697948430000,-22.9597516950000
-43.0708434059999,-22.9599815750000
-43.0705937480000,-22.9593838860000
-43.0703440899999,-22.9589241259999
-43.0704439519999,-22.9583724089999
-43.0714925160000,-22.9577747150000
-43.0733399819999,-22.9572229939999
-43.0748878620000,-22.9568092030000
-43.0768351930000,-22.9566252939999
-43.0783331379999,-22.9564413869999
-43.0798310860000,-22.9563954100000
-43.0814788279999,-22.9563494320000
-43.0830766349999,-22.9561655250000
-43.0851238310000,-22.9558436820000
-43.0883693819999,-22.9552459779999
-43.0909158900000,-22.9552000010000
-43.0930130170000,-22.9550620690000
-43.0945109639999,-22.9547862020000
-43.0956094580000,-22.9546022919999
-43.0964083630000,-22.9546022919999
-43.0972571999999,-22.9550620690000
-43.0982058979999,-22.9553839110000
-43.0991046669999,-22.9554298880000
-43.0988550090000,-22.9548781579999
-43.0983556940000,-22.9547402229999
-43.0983057600000,-22.9542804480000
-43.0987052139999,-22.9537746920000
-43.0995041199999,-22.9531769769999
-43.1006525449999,-22.9529011069999
-43.1014015190000,-22.9529470859999
-43.1020506290000,-22.9534068670000
-43.1027929903831,-22.9538682345480
-43.1032421099584,-22.9542853398564
-43.1041974205753,-22.9544216873084
-43.1056556884852,-22.9544965584554
-43.1059423226041,-22.9541650252079
-43.1056438124753,-22.9536666357722
-43.1059965710890,-22.9531509085646
-43.1068947986534,-22.9533546045745
-43.1078804747722,-22.9534217296834
-43.1094129699307,-22.9536617204458
-43.1103721978516,-22.9536584491783
-43.1110852736040,-22.9529953816832
-43.1110882409999,-22.9524413239999
-43.1109883779999,-22.9520275170000
-43.1106887870000,-22.9517976250000
-43.1111006564455,-22.9517116674654
-43.1120366707822,-22.9519337783862
-43.1125362559999,-22.9517056669999
-43.1134350230000,-22.9517976250000
-43.1142838599999,-22.9518436029999
-43.1148484292660,-22.9524791741109
-43.1159681870289,-22.9524901827037
-43.1168909511487,-22.9521140403709
-43.1165612236992,-22.9515877051915
-43.1159101410002,-22.9514635116633
-43.1148965864750,-22.9514807319451
-43.1143958692277,-22.9508495353267
-43.1137961507921,-22.9506085919801
-43.1129980554455,-22.9505612458811
-43.1124363929999,-22.9504642379999
-43.1120868720000,-22.9502343419999
-43.1116874200000,-22.9498205290000
-43.1114876930000,-22.9492227960000
-43.1114885026534,-22.9484485065643
-43.1117373509999,-22.9475789978613
-43.1124377420890,-22.9463982389900
-43.1133850919999,-22.9453604619999
-43.1139100643009,-22.9451602514385
-43.1149418786139,-22.9455536177328
-43.1161785618218,-22.9458083536239
-43.1173639639407,-22.9460184806139
-43.1186856667427,-22.9459936497228
-43.1196834890893,-22.9458694952674
-43.1204448775349,-22.9454956598020
-43.1201501444554,-22.9449365262376
-43.1205120799010,-22.9438803333366
-43.1203760504356,-22.9431395744554
-43.1197263999999,-22.9428774749999
-43.1189274950000,-22.9427855119999
-43.1179787959999,-22.9424636390000
-43.1172797540000,-22.9422337299999
-43.1164309169999,-22.9417739099999
-43.1159815330000,-22.9413600710000
-43.1158317389999,-22.9410381960000
-43.1162042023663,-22.9404418020989
-43.1160921931386,-22.9397309119900
-43.1157818070000,-22.9390149600000
-43.1157318760000,-22.9385551290000
-43.1161313279999,-22.9380033300000
-43.1166306439999,-22.9375434959999
-43.1172298220000,-22.9372216120000
-43.1178789330000,-22.9368537420000
-43.1182673021434,-22.9370315764348
-43.1186013808574,-22.9375469912636
-43.1192130422660,-22.9378160116508
-43.1197966185724,-22.9379724201995
-43.1203739569430,-22.9383938072992
-43.1213803911069,-22.9386231787268
-43.1224273947815,-22.9387542481139
-43.1236912848408,-22.9386777909714
-43.1254279611235,-22.9387703055439
-43.1264016279406,-22.9387472595866
-43.1275453710617,-22.9389645055059
-43.1289840219382,-22.9392035963229
-43.1301589704465,-22.9392000980593
-43.1312949104037,-22.9392023912636
-43.1321765173848,-22.9389310786722
-43.1332079157315,-22.9388937249168
-43.1340068260000,-22.9385551290000
-43.1351053200000,-22.9385091459999
-43.1352551140000,-22.9378653799999
-43.1349555250000,-22.9372675950000
-43.1344062780000,-22.9370836610000
-43.1338070990000,-22.9370376770000
-43.1334575779999,-22.9374515289999
-43.1327585370000,-22.9375434959999
-43.1320594950000,-22.9375434959999
-43.1309610009999,-22.9371296440000
-43.1298125750000,-22.9366238240000
-43.1289138069999,-22.9361180010000
-43.1281648330000,-22.9357041449999
-43.1276280694085,-22.9355984097743
-43.1271490409810,-22.9351891401829
-43.1267527072660,-22.9347930872446
-43.1265420561828,-22.9345418709192
-43.1261020241353,-22.9340815582612
-43.1269134125438,-22.9335935313230
-43.1273643601377,-22.9327801251211
-43.1273659280000,-22.9320253659999
-43.1269930037767,-22.9316793278978
-43.1264671599999,-22.9314735409999
-43.1258180500000,-22.9311516420000
-43.1250690770000,-22.9309217130000
-43.1243201029999,-22.9305078410000
-43.1237470438995,-22.9303741893195
-43.1229934714199,-22.9301182071371
-43.1227847362375,-22.9291322186766
-43.1231916558475,-22.9288574770965
-43.1236873102528,-22.9287156645241
-43.1237147698291,-22.9284034141486
-43.1233385534797,-22.9282468705724
-43.1231395917064,-22.9278105534237
-43.1232897753792,-22.9271934131747
-43.1239648447394,-22.9267242785800
-43.1245019701747,-22.9263229488957
-43.1244009542751,-22.9257243882229
-43.1240072667731,-22.9254680513977
-43.1236035908475,-22.9253243974498
-43.1233965850145,-22.9250595247026
-43.1235690392153,-22.9247973104383
-43.1240005633900,-22.9246303825647
-43.1243986615946,-22.9243588162712
-43.1247070730000,-22.9240351750000
-43.1247070730000,-22.9235178079999
-43.1242346401264,-22.9230731077509
-43.1234822074276,-22.9227924904015
-43.1227040455019,-22.9225714813532
-43.1220313101785,-22.9225053423272
-43.1212492988812,-22.9221882297808
-43.1202525850076,-22.9223645323532
-43.1195998275317,-22.9226910185984
-43.1196472659555,-22.9234638896467
-43.1194579039333,-22.9242973665946
-43.1197778604536,-22.9247931372229
-43.1199136440000,-22.9252078659999
-43.1197638490000,-22.9257942070000
-43.1193144649999,-22.9264495269999
-43.1188328210482,-22.9269856343977
-43.1184905940000,-22.9273462760000
-43.1181910050000,-22.9276277211264
-43.1177208648069,-22.9279614040521
-43.1176542268812,-22.9284087674536
-43.1177391133049,-22.9289801936283
-43.1177521727547,-22.9293389838551
-43.1175343991524,-22.9298012410820
-43.1172743771747,-22.9304903701264
-43.1164095984758,-22.9310313296950
-43.1155826574498,-22.9306844214981
-43.1150827650000,-22.9302089330000
-43.1151957204926,-22.9297907605929
-43.1155429167693,-22.9293287723793
-43.1156304845463,-22.9290773047249
-43.1150078680000,-22.9285879170000
-43.1142950023233,-22.9282438537770
-43.1135886673716,-22.9284538105724
-43.1131733599248,-22.9281370508898
-43.1125637155762,-22.9287344189218
-43.1118827211785,-22.9292490897693
-43.1117886236766,-22.9296621319923
-43.1121583103011,-22.9298817857992
-43.1125767750260,-22.9303432082490
-43.1126739425539,-22.9308699279478
-43.1131463754276,-22.9311756425984
-43.1132475649854,-22.9316092775946
-43.1136059225096,-22.9317517481226
-43.1138815116321,-22.9319268652750
-43.1139977060038,-22.9322866551003
-43.1139641053754,-22.9326531514720
-43.1137315429739,-22.9331023372490
-43.1134924469999,-22.9335325630000
-43.1131429260000,-22.9340383959999
-43.1127434730000,-22.9345442260000
-43.1124938160000,-22.9349121010000
-43.1121442950000,-22.9351420230000
-43.1115950480000,-22.9351880070000
-43.1110957320000,-22.9349580859999
-43.1107462109999,-22.9344062719999
-43.1102207771004,-22.9341298121486
-43.1093753856804,-22.9339072476506
-43.1088691512827,-22.9341755202229
-43.1085714794091,-22.9346231355501
-43.1085895401302,-22.9350114285019
-43.1082995650000,-22.9353719439999
-43.1079561850521,-22.9353251312230
-43.1080998390000,-22.9345442260000
-43.1081109803234,-22.9341698202751
-43.1074945189478,-22.9339480855540
-43.1069149301226,-22.9341655019555
-43.1062216395019,-22.9345986742046
-43.1061025760000,-22.9351880070000
-43.1055560244720,-22.9355417168474
-43.1045546980000,-22.9353719439999
-43.1036559299999,-22.9350040699999
-43.1030567509999,-22.9346361949999
-43.1024575730000,-22.9341763500000
-43.1018583940000,-22.9337165020000
-43.1013091469999,-22.9333946089999
-43.1006600370000,-22.9329807440000
-43.1001107890000,-22.9326588480000
-43.0995615419999,-22.9323829369999
-43.0991121580000,-22.9318770990000
-43.0987127060000,-22.9312792869999
-43.0984630480000,-22.9306814729999
-43.0981634590000,-22.9298537260000
-43.0978139379999,-22.9289340010000
-43.0974144849999,-22.9281982159999
-43.0970150329999,-22.9274624280000
-43.0966155799999,-22.9265426869999
-43.0961661960000,-22.9256689269999
-43.0957168120000,-22.9249331249999
-43.0953672919999,-22.9241973190000
-43.0952174970000,-22.9236914489999
-43.0953672919999,-22.9231855780000
-43.0957667439999,-22.9227716830000
-43.0959165390000,-22.9219438869999
-43.0956169490000,-22.9216219649999
-43.0952674279999,-22.9212080650000
-43.0952674279999,-22.9206102059999
-43.0954172230000,-22.9196904180000
-43.0954172230000,-22.9188626040000
-43.0954671549999,-22.9181267650000
-43.0956169490000,-22.9173909220000
-43.0957168120000,-22.9165171029999
-43.0961661960000,-22.9158732330000
-43.0970150329999,-22.9155053050000
-43.0978638690000,-22.9153213420000
-43.0984630480000,-22.9150913860000
-43.0993618159999,-22.9148614300000
-43.1004103790000,-22.9146314740000
-43.1008098309999,-22.9146774659999
-43.1012592150000,-22.9148614300000
-43.1018583940000,-22.9149994040000
-43.1028570249999,-22.9147234570000
-43.1034062720000,-22.9144935010000
-43.1037058620000,-22.9147694480000
-43.1037557929999,-22.9152293590000
-43.1044049029999,-22.9155512959999
-43.1049475754215,-22.9155713264311
-43.1057707762838,-22.9153676808634
-43.1061593456480,-22.9149381497408
-43.1070428328905,-22.9151592184220
-43.1078219791868,-22.9155762781676
-43.1081504361760,-22.9156548596011
-43.1089241524634,-22.9154320231664
-43.1100222000383,-22.9153943391592
-43.1110805704682,-22.9155472470167
-43.1115261663161,-22.9154128332993
-43.1117089530072,-22.9149797224323
-43.1116119711792,-22.9144500975664
-43.1113953210000,-22.9140795779999
-43.1109958690000,-22.9136656549999
-43.1107462109999,-22.9133897049999
-43.1106463479999,-22.9126538359999
-43.1107462109999,-22.9118259790000
-43.1109459369999,-22.9113200629999
-43.1112481917266,-22.9103542199999
-43.1120943630000,-22.9095723419999
-43.1126935419999,-22.9086524790000
-43.1132927199999,-22.9081005579999
-43.1138215832291,-22.9074175526145
-43.1143986013072,-22.9067701903073
-43.1150790356875,-22.9058790557708
-43.1162617314974,-22.9050402333463
-43.1174544783412,-22.9045480925755
-43.1184356709999,-22.9047429930000
-43.1191716465365,-22.9055042011562
-43.1201194579609,-22.9058761799660
-43.1210256132682,-22.9057910905806
-43.1220806749999,-22.9053869159999
-43.1231144633853,-22.9052167372291
-43.1241278680000,-22.9053869159999
-43.1247695916927,-22.9056956522733
-43.1252559102292,-22.9061124760781
-43.1255758839999,-22.9069967099999
-43.1255758839999,-22.9080085710000
-43.1257259067038,-22.9081425989246
-43.1261750620000,-22.9082845320000
-43.1272135729660,-22.9080792856536
-43.1283085146639,-22.9080660699270
-43.1294421670493,-22.9084064274686
-43.1300357348931,-22.9092785936691
-43.1293373007656,-22.9104905379086
-43.1302963325026,-22.9111419240257
-43.1312858000442,-22.9108970017914
-43.1314852453412,-22.9094619881665
-43.1330156850000,-22.9076406230000
-43.1340143170000,-22.9069967099999
-43.1350628790000,-22.9063527950000
-43.1357119899999,-22.9056628819999
-43.1360115790000,-22.9048349820000
-43.1361114420000,-22.9041910569999
-43.1360615099999,-22.9034551380000
-43.1364609629999,-22.9032251620000
-43.1366107580000,-22.9027192149999
-43.1361114420000,-22.9019832879999
-43.1359117160000,-22.9012013619999
-43.1359117160000,-22.9004654270000
-43.1356620580000,-22.8999594690000
-43.1355621950000,-22.8994995059999
-43.1356620580000,-22.8988555550000
-43.1356620580000,-22.8982116010000
-43.1353125369999,-22.8975216470000
-43.1342639740000,-22.8970616750000
-43.1330156850000,-22.8966936969999
-43.1321668489999,-22.8963717149999
-43.1310184229999,-22.8960497329999
-43.1301695870000,-22.8957737470000
-43.1291709559999,-22.8957277489999
-43.1280225300000,-22.8958197450000
-43.1271736930000,-22.8958197450000
-43.1265745150000,-22.8954057650000
-43.1260751990000,-22.8951297780000
-43.1254760200000,-22.8947157969999
-43.1252762939999,-22.8940258250000
-43.1250765679999,-22.8931058570000
-43.1250765679999,-22.8925538729999
-43.1254260890000,-22.8922318809999
-43.1254260890000,-22.8917718920000
-43.1261251310000,-22.8914958980000
-43.1266743780000,-22.8915418970000
-43.1271237619999,-22.8918638900000
-43.1284219820000,-22.8920478859999
-43.1291709559999,-22.8919098890000
-43.1292708189999,-22.8912659019999
-43.1292208870000,-22.8902999159999
-43.1290710919999,-22.8895179220000
-43.1288214350000,-22.8887359230000
-43.1288214350000,-22.8880459210000
-43.1288713659999,-22.8876319180000
-43.1294206130000,-22.8873559149999
-43.1299698609999,-22.8873559149999
-43.1303193809999,-22.8871719130000
-43.1306189709999,-22.8865279029999
-43.1306689020000,-22.8858378899999
-43.1308686290000,-22.8851018720000
-43.1309684920000,-22.8845498549999
-43.1317673970000,-22.8844118510000
-43.1324664379999,-22.8844118510000
-43.1334650699999,-22.8846418580000
-43.1342639740000,-22.8845498549999
-43.1343638380000,-22.8839058330000
-43.1348132219999,-22.8833078100000
-43.1347632900000,-22.8826637820000
-43.1344637010000,-22.8812837120000
-43.1344637010000,-22.8803636580000
-43.1344637010000,-22.8793055880000
-43.1343139059999,-22.8786615409999
-43.1336148640000,-22.8783855199999
-43.1330656169999,-22.8781094980000
-43.1322167810000,-22.8775574530000
-43.1319171910000,-22.8768673939999
-43.1312181489999,-22.8766373739999
-43.1302694500000,-22.8762693400000
-43.1293207500000,-22.8761313269999
-43.1284219820000,-22.8763153440000
-43.1278727350000,-22.8767293820000
-43.1267742410000,-22.8769594020000
-43.1256258150000,-22.8769594020000
-43.1246271840000,-22.8770514100000
-43.1236285529999,-22.8773274339999
-43.1225300590000,-22.8776954649999
-43.1216812219999,-22.8778334760000
-43.1211319750000,-22.8781094980000
-43.1208323860000,-22.8785235299999
-43.1205827279999,-22.8789375609999
-43.1205827279999,-22.8796736130000
-43.1204828650000,-22.8803176549999
-43.1204329330000,-22.8808236859999
-43.1204828650000,-22.8813297149999
-43.1203330700000,-22.8817897399999
-43.1196839600000,-22.8822037600000
-43.1191347129999,-22.8821117560000
-43.1183358080000,-22.8816977349999
-43.1172373130000,-22.8814677220000
-43.1165382720000,-22.8813757170000
-43.1155895720000,-22.8813297149999
-43.1149903930000,-22.8811457049999
-43.1145909410000,-22.8807776830000
-43.1145410089999,-22.8800416370000
-43.1148405989999,-22.8792135809999
-43.1156395039999,-22.8785695340000
-43.1167879289999,-22.8779254830000
-43.1175868340000,-22.8773734379999
-43.1179862870000,-22.8767293820000
-43.1185355339999,-22.8764073529999
-43.1192845070000,-22.8768213900000
-43.1201333440000,-22.8770974139999
-43.1212318380000,-22.8768213900000
-43.1223802640000,-22.8763613479999
-43.1230293739999,-22.8763153440000
-43.1241278680000,-22.8763153440000
-43.1255758839999,-22.8758092969999
-43.1260252680000,-22.8752572420000
-43.1256757469999,-22.8746131760000
-43.1248269100000,-22.8743831520000
-43.1240779370000,-22.8741991319999
-43.1235786210000,-22.8739691069999
-43.1229794430000,-22.8739231019999
-43.1222304689999,-22.8740151119999
-43.1215813589999,-22.8742911419999
-43.1207824539999,-22.8745211670000
-43.1199835490000,-22.8746131760000
-43.1194343019999,-22.8749352099999
-43.1188850550000,-22.8752572420000
-43.1186353969999,-22.8755332699999
-43.1181860130000,-22.8757632919999
-43.1177366290000,-22.8760853229999
-43.1172373130000,-22.8763613479999
-43.1166381350000,-22.8767293820000
-43.1160389560000,-22.8769594020000
-43.1156395039999,-22.8769594020000
-43.1155895720000,-22.8765913690000
-43.1160888880000,-22.8759473100000
-43.1167379980000,-22.8755792740000
-43.1175369030000,-22.8750272189999
-43.1180362179999,-22.8745211670000
-43.1187851920000,-22.8741531269999
-43.1194343019999,-22.8740611169999
-43.1200834120000,-22.8738770969999
-43.1207824539999,-22.8734630509999
-43.1215314270000,-22.8730950089999
-43.1223303319999,-22.8730029979999
-43.1233289629999,-22.8730029979999
-43.1243275950000,-22.8729569929999
-43.1258255410000,-22.8728189760000
-43.1260252680000,-22.8724509319999
-43.1252263630000,-22.8720828870000
-43.1242776629999,-22.8717148410000
-43.1235286899999,-22.8710247530000
-43.1227797160000,-22.8701506350000
-43.1220806749999,-22.8695525510000
-43.1211819059999,-22.8689084580000
-43.1205827279999,-22.8679883199999
-43.1197838230000,-22.8672982120000
-43.1186353969999,-22.8665620930000
-43.1179862870000,-22.8661020169999
-43.1173371770000,-22.8658259699999
-43.1166381350000,-22.8655499229999
-43.1162386820000,-22.8650438349999
-43.1154397769999,-22.8647677869999
-43.1148405989999,-22.8645377459999
-43.1142913520000,-22.8645377459999
-43.1140416940000,-22.8649518189999
-43.1140416940000,-22.8663320549999
-43.1139917620000,-22.8669761610000
-43.1133925839999,-22.8675742560000
-43.1129432000000,-22.8678042910000
-43.1126436100000,-22.8682643619999
-43.1124438840000,-22.8690464780000
-43.1124438840000,-22.8701506350000
-43.1124938160000,-22.8707487160000
-43.1129931309999,-22.8711627709999
-43.1132427890000,-22.8716228300000
-43.1132927199999,-22.8722669100000
-43.1132927199999,-22.8728649820000
-43.1132927199999,-22.8736010659999
-43.1132927199999,-22.8744291570000
-43.1132927199999,-22.8752112380000
-43.1132927199999,-22.8759933140000
-43.1132927199999,-22.8768213900000
-43.1133925839999,-22.8774194420000
-43.1132927199999,-22.8779714870000
-43.1127434730000,-22.8779714870000
-43.1121942260000,-22.8771434179999
-43.1118447050000,-22.8762233360000
-43.1115950480000,-22.8754412609999
-43.1114452529999,-22.8744751620000
-43.1113453899999,-22.8735550609999
-43.1109958690000,-22.8728649820000
-43.1106962800000,-22.8721748990000
-43.1109459369999,-22.8713928000000
-43.1110957320000,-22.8704726789999
-43.1113953210000,-22.8690464780000
-43.1115950480000,-22.8680343270000
-43.1119445680000,-22.8673902269999
-43.1122940889999,-22.8660560090000
-43.1122441580000,-22.8652738759999
-43.1117448420000,-22.8650898440000
-43.1110457999999,-22.8651818600000
-43.1106463479999,-22.8642616960000
-43.1100971010000,-22.8646297619999
-43.1095478540000,-22.8645377459999
-43.1096477170000,-22.8637556030000
-43.1101470319999,-22.8628814390000
-43.1103467590000,-22.8622373140000
-43.1098474430000,-22.8621452959999
-43.1093481270000,-22.8626053859999
-43.1087489490000,-22.8628814390000
-43.1083494960000,-22.8624673589999
-43.1082995650000,-22.8615471770000
-43.1078002490000,-22.8602589119999
-43.1067377890000,-22.8605495720000
-43.1058046589999,-22.8605495720000
-43.1045604850000,-22.8604349270000
-43.1029430590000,-22.8598617019999
-43.1021965550000,-22.8595177650000
-43.1000814600000,-22.8595177650000
-43.0986506610000,-22.8595750879999
-43.0981529919999,-22.8602056370000
-43.0975931130000,-22.8611227940000
-43.0964733570000,-22.8611227940000
-43.0952291839999,-22.8608361839999
-43.0936739670000,-22.8605495720000
-43.0923675850000,-22.8600336700000
-43.0906257419999,-22.8596897340000
-43.0887594819999,-22.8599190240000
-43.0870176390000,-22.8599763469999
-43.0865821780000,-22.8606068939999
-43.0860845089999,-22.8614667269999
-43.0857734649999,-22.8624985189999
-43.0834095360000,-22.8627851259999
-43.0817299010000,-22.8633010180000
-43.0802368929999,-22.8636449450000
-43.0782462160000,-22.8643901170000
-43.0773130850000,-22.8649633229999
-43.0755712430000,-22.8654792070000
-43.0742026519999,-22.8661670490000
-43.0728340610000,-22.8667402479999
-43.0707811750000,-22.8676573609999
-43.0685277219999,-22.8683714589999
-43.0677744119999,-22.8686225619999
-43.0658124810000,-22.8692321010000
-43.0644438899999,-22.8693467390000
-43.0634485510000,-22.8695760130000
-43.0622665860000,-22.8698052870000
-43.0611468300000,-22.8700918790000
-43.0602137000000,-22.8702638340000
-43.0590939440000,-22.8703211530000
-43.0576631439999,-22.8704357889999
-43.0559835100000,-22.8708370159999
-43.0549881709999,-22.8708370159999
-43.0534951630000,-22.8713528769999
-43.0529352849999,-22.8722699589999
-43.0519399459999,-22.8725565459999
-43.0508201900000,-22.8719833719999
-43.0498248510000,-22.8718114190000
-43.0484562600000,-22.8718114190000
-43.0470876699999,-22.8716394660000
-43.0452836180000,-22.8715248309999
-43.0442260700000,-22.8713528769999
-43.0348170700000,-22.8737701850000
-43.0321177069999,-22.8750257029999
-43.0297178169999,-22.8766482550000
-43.0200471009999,-22.8836473080000
-43.0185410910000,-22.8841800220000
-43.0181485890000,-22.8849835949999
-43.0174071970000,-22.8860282329999
-43.0169710840000,-22.8865505489999
-43.0141363499999,-22.8870728630000
-43.0131769010000,-22.8872737519999
-43.0122610640000,-22.8879567740000
-43.0119993960000,-22.8886397930000
-43.0115632829999,-22.8894835170000
-43.0099663889999,-22.8909430900000
-43.0083990360000,-22.8920774410000
-42.9906761430000,-22.8885322020000
-42.9891943670000,-22.8886783319999
-42.9892525910000,-22.8894288979999
-42.9887567950000,-22.8903921699999
-42.9884695250000,-22.8909743940000
-42.9880673470000,-22.8914507570000
-42.9876651690000,-22.8920329759999
-42.9874353530000,-22.8926151919999
-42.9873778990000,-22.8931974060000
-42.9873204450000,-22.8938854739999
-42.9871480830000,-22.8946264660000
-42.9868608130000,-22.8955262370000
-42.9865735430000,-22.8979608800000
-42.9865160890000,-22.8990723340000
-42.9864586350000,-22.9002896289999
-42.9861713650000,-22.9011364369999
-42.9854244639999,-22.9019832399999
-42.9837008439999,-22.9030417349999
-42.9823219490000,-22.9037826780000
-42.9795067040000,-22.9053174730000
-42.9776681760000,-22.9060584030000
-42.9758296489999,-22.9066934820000
-42.9743358450000,-22.9066405590000
-42.9731867660000,-22.9064817899999
-42.9719802320000,-22.9060054800000
-42.9687628089999,-22.9043119190000
-42.9649708460000,-22.9025654129999
-42.9607767049999,-22.9010305859999
-42.9594552640000,-22.9006601080000
-42.9568123810000,-22.9006601080000
-42.9552611230000,-22.9007659590000
-42.9547012749999,-22.9006166660000
