-45.4273956900000,-23.7081747579999
-45.4272117810000,-23.7086462450000
-45.4268205239999,-23.7092283790000
-45.4262336359999,-23.7101687429999
-45.4257934690000,-23.7115121070000
-45.4253043969999,-23.7132136850000
-45.4251087680000,-23.7146017979999
-45.4245707880000,-23.7152734589999
-45.4240328069999,-23.7155421240000
-45.4228590320000,-23.7180048470000
-45.4220276070000,-23.7198406690000
-45.4214407210000,-23.7218555630000
-45.4208538330000,-23.7234226820000
-45.4204625730000,-23.7244524920000
-45.4196800580000,-23.7251688769999
-45.4192731809999,-23.7258088099999
-45.4189947060000,-23.7257068350000
-45.4187162320000,-23.7256558469999
-45.4184377569999,-23.7256558469999
-45.4181592830000,-23.7256558469999
-45.4178543489769,-23.7256186382564
-45.4175758749769,-23.7256406874423
-45.4173238590000,-23.7257068350000
-45.4170453860000,-23.7258088099999
-45.4167669100000,-23.7258088099999
-45.4164884369999,-23.7258088099999
-45.4162099630000,-23.7258597979999
-45.4159314870000,-23.7258597979999
-45.4156530140000,-23.7258597979999
-45.4153745380000,-23.7258597979999
-45.4151517600000,-23.7257068350000
-45.4149846760000,-23.7255028840000
-45.4149289809999,-23.7252479450000
-45.4146750560000,-23.7250460060000
-45.4145431470000,-23.7248044849999
-45.4143782610000,-23.7245629619999
-45.4142463520000,-23.7243214379999
-45.4141144430000,-23.7240799140000
-45.4139495570000,-23.7238685830000
-45.4137846710000,-23.7236270569999
-45.4135868069999,-23.7234459150000
-45.4133559670000,-23.7232949620000
-45.4130921490000,-23.7232043900000
-45.4127953540000,-23.7232345809999
-45.4124326039999,-23.7235062960000
-45.4122677180000,-23.7237176290000
-45.4121028320000,-23.7239591539999
-45.4120039009999,-23.7242006779999
-45.4118060380000,-23.7243818200000
-45.4115422199999,-23.7245025810000
-45.4112454249999,-23.7244723909999
-45.4109816069999,-23.7243818200000
-45.4107507649999,-23.7242308660000
-45.4105199250000,-23.7240497260000
-45.4102890849999,-23.7238685830000
-45.4100582450000,-23.7237176290000
-45.4097614480000,-23.7236874399999
-45.4094976320000,-23.7237478210000
-45.4092338139999,-23.7238383919999
-45.4090359500000,-23.7240195350000
-45.4089040420000,-23.7242610580000
-45.4087721330000,-23.7245025810000
-45.4086402230000,-23.7247441030000
-45.4085083149999,-23.7249856260000
-45.4083434290000,-23.7251969570000
-45.4081455660000,-23.7253780970000
-45.4079147250000,-23.7255290489999
-45.4076179300000,-23.7256196189999
-45.4071562490000,-23.7261328499999
-45.4069254079999,-23.7262837979999
-45.4066615899999,-23.7263441790000
-45.4063977730000,-23.7261932300000
-45.4061999080000,-23.7259819000000
-45.4060020460000,-23.7258007600000
-45.4058041819999,-23.7256196189999
-45.4056063190000,-23.7254384789999
-45.4052105910000,-23.7251063859999
-45.4050457050000,-23.7248950549999
-45.4047818889999,-23.7247742939999
-45.4045180710000,-23.7246535330000
-45.4042212740000,-23.7246837220000
-45.4039574580000,-23.7247742939999
-45.4036936400000,-23.7248648650000
-45.4034298220000,-23.7249554350000
-45.4031660049999,-23.7250460060000
-45.4029021859999,-23.7251063859999
-45.4026053919999,-23.7251063859999
-45.4023415729999,-23.7250460060000
-45.4020777560000,-23.7249856260000
-45.4018139370000,-23.7249252459999
-45.4015501210000,-23.7248044849999
-45.4012863029999,-23.7247139139999
-45.4010224840000,-23.7246233430000
-45.4007256899999,-23.7245629619999
-45.4004288940000,-23.7245327720000
-45.4001321000000,-23.7244723909999
-45.3998682810000,-23.7243818200000
-45.3996374420000,-23.7242308660000
-45.3994066010000,-23.7240799140000
-45.3991427829999,-23.7239289640000
-45.3988789649999,-23.7238082009999
-45.3986481250000,-23.7236572489999
-45.3984502609999,-23.7234761050000
-45.3982194210000,-23.7232949620000
-45.3980545350000,-23.7230836280000
-45.3977907160000,-23.7229628640000
-45.3974939220000,-23.7229930560000
-45.3973290360000,-23.7232043900000
-45.3971971260000,-23.7234459150000
-45.3971311719999,-23.7236874399999
-45.3972301040000,-23.7239289640000
-45.3973949900000,-23.7241402970000
-45.3972630809999,-23.7243818200000
-45.3970322399999,-23.7245327720000
-45.3969333090000,-23.7247742939999
-45.3969333090000,-23.7250460060000
-45.3969992629999,-23.7252875259999
-45.3971641500000,-23.7254988590000
-45.3972659134973,-23.7256980174692
-45.3975207801230,-23.7258729920948
-45.3977485601845,-23.7261439070052
-45.3979855210615,-23.7263732554744
-45.3979195660615,-23.7266147734744
-45.3976347833743,-23.7266629829437
-45.3973620120000,-23.7264649379999
-45.3970981950000,-23.7265856970000
-45.3970981950000,-23.7268574070000
-45.3970981950000,-23.7271291129999
-45.3971641500000,-23.7273706320000
-45.3972960590000,-23.7276121479999
-45.3974609450000,-23.7278234750000
-45.3974609450000,-23.7280951819999
-45.3977128634077,-23.7285045529437
-45.3980216707205,-23.7284144605975
-45.3981864430000,-23.7281253720000
-45.3983873659385,-23.7280942286923
-45.3986634236924,-23.7280689353233
-45.3989433639999,-23.7281239239999
-45.3992368070000,-23.7286164249999
-45.3992368070000,-23.7291536970000
-45.3991879000000,-23.7298700549999
-45.3987966420000,-23.7309893600000
-45.3984053830000,-23.7320638820000
-45.3981119379999,-23.7323772810000
-45.3980630309999,-23.7327354530000
-45.3983564759999,-23.7329145390000
-45.3988130110000,-23.7331669200000
-45.3988459879999,-23.7334989910000
-45.3989778970000,-23.7340423799999
-45.3991427829999,-23.7350385839999
-45.3993153410000,-23.7358407419999
-45.3990438520000,-23.7360951560000
-45.3988130110000,-23.7363366580000
-45.3988459879999,-23.7367290949999
-45.3988459879999,-23.7371215329999
-45.3992087380000,-23.7374535929999
-45.4000331679999,-23.7376649050000
-45.4005851723094,-23.7377035146905
-45.4008473540553,-23.7377671275743
-45.4010368913148,-23.7378446556297
-45.4012863029999,-23.7382082750000
-45.4012092180000,-23.7385517730000
-45.4009895060000,-23.7387516420000
-45.4009895060000,-23.7390233259999
-45.4010554619999,-23.7392648219999
-45.4010884390000,-23.7395365020000
-45.4010884390000,-23.7398081850000
-45.4011873709999,-23.7400496779999
-45.4013522570000,-23.7402609860000
-45.4015830970000,-23.7404119199999
-45.4019929090500,-23.7406354009182
-45.4023083399691,-23.7409185787537
-45.4026799203714,-23.7410527186151
-45.4030090132078,-23.7411345285208
-45.4033074213021,-23.7410912400934
-45.4036223539499,-23.7411045994206
-45.4038310691828,-23.7412052932445
-45.4039237914974,-23.7414515248230
-45.4041604960634,-23.7415797411627
-45.4044170952078,-23.7416296615342
-45.4046500947044,-23.7417857993205
-45.4048429659999,-23.7419533359999
-45.4049886299999,-23.7421755610000
-45.4049662252614,-23.7426144107385
-45.4051087498014,-23.7428586129584
-45.4053640806413,-23.7429291567588
-45.4056005747214,-23.7430535679391
-45.4057633981216,-23.7432533241590
-45.4059262225217,-23.7434881069989
-45.4061895076413,-23.7435968168794
-45.4063851897416,-23.7438054999189
-45.4065622483414,-23.7440026072390
-45.4067849357406,-23.7442096254994
-45.4068822590000,-23.7443978059999
-45.4069308140000,-23.7446644729999
-45.4070279229999,-23.7449311390000
-45.4072221410000,-23.7451089159999
-45.4074163600000,-23.7452866909999
-45.4076105779999,-23.7455089140000
-45.4077562419999,-23.7457311340000
-45.4078047959999,-23.7459977970000
-45.4080442281857,-23.7463146923596
-45.4080207769604,-23.7466054879189
-45.4081982511739,-23.7467649187193
-45.4084594443201,-23.7469133910928
-45.4086302250000,-23.7470644479999
-45.4087758890000,-23.7473311099999
-45.4087348607608,-23.7476396304664
-45.4087624850276,-23.7479607067726
-45.4089073168004,-23.7481813213596
-45.4089943775474,-23.7484579546659
-45.4092831949604,-23.7486498859189
-45.4096013150000,-23.7486199649999
-45.4098926440000,-23.7486199649999
-45.4101697378004,-23.7487455433991
-45.4104208826937,-23.7488956161857
-45.4106661642806,-23.7491100795849
-45.4108963784407,-23.7493020108378
-45.4112664081995,-23.7494588541046
-45.4113510999999,-23.7500877539999
-45.4113877800000,-23.7511285450000
-45.4113877800000,-23.7513971349999
-45.4113510999999,-23.7516657240000
-45.4113510999999,-23.7519343140000
-45.4113510999999,-23.7522029020000
-45.4117912650000,-23.7529079430000
-45.4119379869999,-23.7531429560000
-45.4120113480000,-23.7534115409999
-45.4120480289999,-23.7536801269999
-45.4120480289999,-23.7539487120000
-45.4119746680000,-23.7542172949999
-45.4118279460000,-23.7544523060000
-45.4116445440000,-23.7546537429999
-45.4114244610000,-23.7548551789999
-45.4112410580000,-23.7550566149999
-45.4110943370000,-23.7552916260000
-45.4109842949999,-23.7555266340000
-45.4108742530000,-23.7557952160000
-45.4107642119999,-23.7560637949999
-45.4106908510000,-23.7563323759999
-45.4106174880000,-23.7566009550000
-45.4105808099999,-23.7568695319999
-45.4105074480000,-23.7571381110000
-45.4104340879999,-23.7574066889999
-45.4103240470000,-23.7576752649999
-45.4102140049999,-23.7579102679999
-45.4101039630000,-23.7581452740000
-45.4099939220000,-23.7583802770000
-45.4098838810000,-23.7586152809999
-45.4097371590000,-23.7588502820000
-45.4096271179999,-23.7590852850000
-45.4095170749999,-23.7593202870000
-45.4093703540000,-23.7595552889999
-45.4091502709999,-23.7597231459999
-45.4089668690000,-23.7599245759999
-45.4087467849999,-23.7600924330000
-45.4086000640000,-23.7603274319999
-45.4084533420000,-23.7605624310000
-45.4083066210000,-23.7608310030000
-45.4082332579999,-23.7610995709999
-45.4081232180000,-23.7613345710000
-45.4080131769999,-23.7615695670000
-45.4075730100000,-23.7620395630000
-45.4073162470000,-23.7621402760000
-45.4070228040000,-23.7622745589999
-45.4068027200000,-23.7624424140000
-45.4066193190000,-23.7626438390000
-45.4064359160000,-23.7628452619999
-45.4062891930000,-23.7630802570000
-45.4062158340000,-23.7633488229999
-45.4061791519999,-23.7636173879999
-45.4061057910000,-23.7638859520000
-45.4059223899999,-23.7641209430000
-45.4057389869999,-23.7643223670000
-45.4055555849999,-23.7645237899999
-45.4053721829999,-23.7647252109999
-45.4052254609999,-23.7649602019999
-45.4050787380000,-23.7651951939999
-45.4048953349999,-23.7654301850000
-45.4047486130000,-23.7656651739999
-45.4045652110000,-23.7659001640000
-45.4043818100000,-23.7661015840000
-45.4041617270000,-23.7662694340000
-45.4039049639999,-23.7664372810000
-45.4037215609999,-23.7667058420000
-45.4034647970000,-23.7668736900000
-45.4032813960000,-23.7671422480000
-45.4026945080000,-23.7676457909999
-45.4026945080000,-23.7679143459999
-45.4027311890000,-23.7681829020000
-45.4027311890000,-23.7684514560000
-45.4029282255864,-23.7686819563580
-45.4028412300000,-23.7689885650000
-45.4027623724320,-23.7692856589814
-45.4028533861111,-23.7696826453981
-45.4030327720185,-23.7698703302839
-45.4030613130000,-23.7700627729999
-45.4029879519999,-23.7703313240000
-45.4028779090000,-23.7705998719999
-45.4027678689999,-23.7708348550000
-45.4025844669999,-23.7710362650000
-45.4002369139999,-23.7732182089999
-45.4000535140000,-23.7734196179999
-45.4000535140000,-23.7736881619999
-45.4001268750000,-23.7739567060000
-45.4003836379999,-23.7741245449999
-45.4006404020000,-23.7742588159999
-45.4008604840000,-23.7744602229999
-45.4008971649999,-23.7747287640000
-45.4008971649999,-23.7749973059999
-45.4008238040000,-23.7752658460000
-45.4007871229999,-23.7755343859999
-45.4007504410000,-23.7758029260000
-45.4006404020000,-23.7760378970000
-45.4005303599999,-23.7763064360000
-45.4004203179999,-23.7765414070000
-45.4003102770000,-23.7768099440000
-45.4002002359999,-23.7770449139999
-45.4000168329999,-23.7772463159999
-45.3998334309999,-23.7774477180000
-45.3996133479999,-23.7776155509999
-45.3993932650000,-23.7777833869999
-45.3991364999999,-23.7779176550000
-45.3989164189999,-23.7781190560000
-45.3986963350000,-23.7782868899999
-45.3984395730000,-23.7784882899999
-45.3982194900000,-23.7786896900000
-45.3980360870000,-23.7788910880000
-45.3978526840000,-23.7790924900000
-45.3977426430000,-23.7793274549999
-45.3975592419999,-23.7795288529999
-45.3973391590000,-23.7797302520000
-45.3971557570000,-23.7799316500000
-45.3969723540000,-23.7801666149999
-45.3968623130000,-23.7804687110000
-45.3969356730000,-23.7807372400000
-45.3970457149999,-23.7809722019999
-45.3971557570000,-23.7812071650000
-45.3971924369999,-23.7814756920000
-45.3973024780000,-23.7817442200000
-45.3973758389999,-23.7820127470000
-45.3974125189999,-23.7822812730000
-45.3974492000000,-23.7825497990000
-45.3975225590000,-23.7828518890000
-45.3979627269999,-23.7831204129999
-45.3981094489999,-23.7833553720000
-45.3982194900000,-23.7835903279999
-45.3982928510000,-23.7838588530000
-45.3984028930000,-23.7840938090000
-45.3984028930000,-23.7843623310000
-45.3983662109999,-23.7846308530000
-45.3982561710000,-23.7848993740000
-45.3981828079999,-23.7851678940000
-45.3981094489999,-23.7854364130000
-45.3980727680000,-23.7857049330000
-45.3980360870000,-23.7859734510000
-45.3979994070000,-23.7862419689999
-45.3978893660000,-23.7864769220000
-45.3977793239999,-23.7867118729999
-45.3976692830000,-23.7869468260000
-45.3975592419999,-23.7871817760000
-45.3974125189999,-23.7874167280000
-45.3973024780000,-23.7876516790000
-45.3971924369999,-23.7878866290000
-45.3971924369999,-23.7881551430000
-45.3973024780000,-23.7883900919999
-45.3974125189999,-23.7886250409999
-45.3974858810000,-23.7888935530000
-45.3975225590000,-23.7891620660000
-45.3975592419999,-23.7894305760000
-45.3975592419999,-23.7896990870000
-45.3975592419999,-23.7899675969999
-45.3977059630000,-23.7902025440000
-45.3977059630000,-23.7925184169999
-45.3978160050000,-23.7927533580000
-45.3980360870000,-23.7929211730000
-45.3982561710000,-23.7930889880000
-45.3984395730000,-23.7932903660000
-45.3986229750000,-23.7934917439999
-45.3988063770000,-23.7936931199999
-45.3989530979999,-23.7939280579999
-45.3990998220000,-23.7941629990000
-45.3992098630000,-23.7944315000000
-45.3992832239999,-23.7947000000000
-45.3993932650000,-23.7950356240000
-45.3994666240000,-23.7953041240000
-45.3994666240000,-23.7955726229999
-45.3994666240000,-23.7958411210000
-45.3994666240000,-23.7961096179999
-45.3994299459999,-23.7963781150000
-45.3993932650000,-23.7966466100000
-45.3993199040000,-23.7969151080000
-45.3992465439999,-23.7971836030000
-45.3991731830000,-23.7974520980000
-45.3990631409999,-23.7977205920000
-45.3989530979999,-23.7979555240000
-45.3988063770000,-23.7981904540000
-45.3986596559999,-23.7984253860000
-45.3985129339999,-23.7986603159999
-45.3983662109999,-23.7988952480000
-45.3982928510000,-23.7991637389999
-45.3982928510000,-23.7994322300000
-45.3982928510000,-23.7997007179999
-45.3982561710000,-23.7999692079999
-45.3981828079999,-23.8002376979999
-45.3980360870000,-23.8013116490000
-45.3979627269999,-23.8015801330000
-45.3978893660000,-23.8018486210000
-45.3977426430000,-23.8021506670000
-45.3976692830000,-23.8024191510000
-45.3976326030000,-23.8026876349999
-45.3975225590000,-23.8029225580000
-45.3972657969999,-23.8030568000000
-45.3970090349999,-23.8031574810000
-45.3967522700000,-23.8032581620000
-45.3965688670000,-23.8034595210000
-45.3964588279999,-23.8036944450000
-45.3964588279999,-23.8039629250000
-45.3964588279999,-23.8042314070000
-45.3964588279999,-23.8044998870000
-45.3964588279999,-23.8047683670000
-45.3964588279999,-23.8050368460000
-45.3964588279999,-23.8053053230000
-45.3964221460000,-23.8055738020000
-45.3964221460000,-23.8058422800000
-45.3964221460000,-23.8061107560000
-45.3963854670000,-23.8063792330000
-45.3963121049999,-23.8066477089999
-45.3962387449999,-23.8069497430000
-45.3961653830000,-23.8072182179999
-45.3961653830000,-23.8074866919999
-45.3961287019999,-23.8077551640000
-45.3960186620000,-23.8079900790000
-45.3959086199999,-23.8082585519999
-45.3956518560000,-23.8086276999999
-45.3957252169999,-23.8088961710000
-45.3960186620000,-23.8089968469999
-45.3962754249999,-23.8091310830000
-45.3964588279999,-23.8093324349999
-45.3964588279999,-23.8096009060000
-45.3964221460000,-23.8098693749999
-45.3963121049999,-23.8101042840000
-45.3963121049999,-23.8103727530000
-45.3963487860000,-23.8106412189999
-45.3964955079999,-23.8108761290000
-45.3966789099999,-23.8110774770000
-45.3969356730000,-23.8112452700000
-45.3971190760000,-23.8114466200000
-45.3974125189999,-23.8115137349999
-45.3976692830000,-23.8116479679999
-45.3978893660000,-23.8118493169999
-45.3981828079999,-23.8119164330000
-45.3982194900000,-23.8116479679999
-45.3982561710000,-23.8113795020000
-45.3985129339999,-23.8112788270000
-45.3988063770000,-23.8112788270000
-45.3990264600000,-23.8114466200000
-45.3991364999999,-23.8116815270000
-45.3992098630000,-23.8119499919999
-45.3992465439999,-23.8122184560000
-45.3993565850000,-23.8124533619999
-45.3995033070000,-23.8126882660000
-45.3996133479999,-23.8129231720000
-45.3997600700000,-23.8131580760000
-45.3998701120000,-23.8133929799999
-45.3999801520000,-23.8136278819999
-45.4001635549999,-23.8138292300000
-45.4004569990000,-23.8138627869999
-45.4007504410000,-23.8137956699999
-45.4009705260000,-23.8136278819999
-45.4011539280000,-23.8134265379999
-45.4013373299999,-23.8132251919999
-45.4015940940000,-23.8130574030000
-45.4018508560000,-23.8128896140000
-45.4020277268292,-23.8127535877071
-45.4023091123900,-23.8126175624143
-45.4024900023657,-23.8124488762678
-45.4027035531950,-23.8123054206579
-45.4029236341950,-23.8121376296579
-45.4031135703657,-23.8119166851457
-45.4033165688778,-23.8117675935114
-45.4035537353657,-23.8116006996579
-45.4038235637071,-23.8113889777557
-45.4040476658535,-23.8112351482435
-45.4042717679999,-23.8109768020000
-45.4044918499999,-23.8107754530000
-45.4047119340000,-23.8106076609999
-45.4051481159429,-23.8103148098668
-45.4053969128287,-23.8101897517336
-45.4056874219619,-23.8098960375433
-45.4059402039048,-23.8097064485813
-45.4061791519999,-23.8095002300000
-45.4062891930000,-23.8097351389999
-45.4063625549999,-23.8100036079999
-45.4064725960000,-23.8102385170000
-45.4065092760000,-23.8105069860000
-45.4065459580000,-23.8107754530000
-45.4070594839999,-23.8109768020000
-45.4072795659999,-23.8111445939999
-45.4075363310000,-23.8113123869999
-45.4077197310000,-23.8115137349999
-45.4079031340000,-23.8117822010000
-45.4080131769999,-23.8120506659999
-45.4080131769999,-23.8123191299999
-45.4080865370000,-23.8125875910000
-45.4081598989999,-23.8128560540000
-45.4083433009999,-23.8130909609999
-45.4084900220000,-23.8133258650000
-45.4084533420000,-23.8135943249999
-45.4082699400000,-23.8137956699999
-45.4081965789999,-23.8140641319999
-45.4082332579999,-23.8143325910000
-45.4083799809999,-23.8145674940000
-45.4085267029999,-23.8148023959999
-45.4085267029999,-23.8150708539999
-45.4084166609999,-23.8153057549999
-45.4082332579999,-23.8155070980000
-45.4079764959999,-23.8156077679999
-45.4076830520000,-23.8157084410000
-45.4074262889999,-23.8158426689999
-45.4071695260000,-23.8159768969999
-45.4069861230000,-23.8161782380000
-45.4067660410000,-23.8164466950000
-45.4066559990000,-23.8166815929999
-45.4065459580000,-23.8169164900000
-45.4063258749999,-23.8170842719999
-45.4061057910000,-23.8172520580000
-45.4058857090000,-23.8174198400000
-45.4057756679999,-23.8176547369999
-45.4056656239999,-23.8178896329999
-45.4054822240000,-23.8180909719999
-45.4052988220000,-23.8182923099999
-45.4051154190000,-23.8184936480000
-45.4049320170000,-23.8186949870000
-45.4048219759999,-23.8189298799999
-45.4047119340000,-23.8191647739999
-45.4046752540000,-23.8194332250000
-45.4045652110000,-23.8196681169999
-45.4047119340000,-23.8200036780000
-45.4049686970000,-23.8201043449999
-45.4052621399999,-23.8201714550000
-45.4055189030000,-23.8203056810000
-45.4057023060000,-23.8205070160000
-45.4058123480000,-23.8207419070000
-45.4059957510000,-23.8209767970000
-45.4063258749999,-23.8210774650000
-45.4066193190000,-23.8210774650000
-45.4069127630000,-23.8210439090000
-45.4072062060000,-23.8210103520000
-45.4074996500000,-23.8209432410000
-45.4077930930000,-23.8209432410000
-45.4080003853681,-23.8211314357333
-45.4082571493680,-23.8212739633449
-45.4085177168782,-23.8214303248145
-45.4087769122869,-23.8215126588551
-45.4090893828376,-23.8216161012204
-45.4094817701014,-23.8216541563218
-45.4098513243044,-23.8215482956290
-45.4101257397536,-23.8213542146115
-45.4103240470000,-23.8213794659999
-45.4105808099999,-23.8214801320000
-45.4108008919999,-23.8216479100000
-45.4109081847970,-23.8219101321623
-45.4110991978173,-23.8221564366927
-45.4112410580000,-23.8223525750000
-45.4112777380000,-23.8226210179999
-45.4112777380000,-23.8228894599999
-45.4113510999999,-23.8231579009999
-45.4114244610000,-23.8234263429999
-45.4115711819999,-23.8236612279999
-45.4116812239999,-23.8238961129999
-45.4117545850000,-23.8241645529999
-45.4118279460000,-23.8244329910000
-45.4119746680000,-23.8246678760000
-45.4122314290000,-23.8247685400000
-45.4124739608299,-23.8247511266525
-45.4127756174900,-23.8248068969925
-45.4130017190000,-23.8250369770000
-45.4134013786399,-23.8250600010549
-45.4136465094224,-23.8248756244225
-45.4138238899125,-23.8245509531025
-45.4137707845925,-23.8242656789799
-45.4136697738574,-23.8239298984900
-45.4136986500000,-23.8236276730000
-45.4139187329999,-23.8234598980000
-45.4141754960000,-23.8233256770000
-45.4144689399999,-23.8232250120000
-45.4147623840000,-23.8231243470000
-45.4150558279999,-23.8230572360000
-45.4153492710000,-23.8229565689999
-45.4156427139999,-23.8229565689999
-45.4164350084380,-23.8229294720321
-45.4167361340691,-23.8232335450287
-45.4169525971348,-23.8233193551396
-45.4171090720000,-23.8235293810000
-45.4173639840000,-23.8238625110000
-45.4176553110000,-23.8239624500000
-45.4179466390000,-23.8240290759999
-45.4182379659999,-23.8240623889999
-45.4185292939999,-23.8240957020000
-45.4188206210000,-23.8241623279999
-45.4190755330000,-23.8242955790000
-45.4192940290000,-23.8244621439999
-45.4195489400000,-23.8245620819999
-45.4198038520000,-23.8246620209999
-45.4200223480000,-23.8248285839999
-45.4202408440000,-23.8249951480000
-45.4204957560000,-23.8250950860000
-45.4207506669999,-23.8251950240000
-45.4210055789999,-23.8252949609999
-45.4212240749999,-23.8254615250000
-45.4214425700000,-23.8256280880000
-45.4214789840000,-23.8258945880000
-45.4214789840000,-23.8261610869999
-45.4214789840000,-23.8264275870000
-45.4214789840000,-23.8266940839999
-45.4214789840000,-23.8269605830000
-45.4214789840000,-23.8272270809999
-45.4213697370000,-23.8274602659999
-45.4212240749999,-23.8276934479999
-45.4212604909999,-23.8279599450000
-45.4214006329248,-23.8282450271067
-45.4216555439248,-23.8283449631068
-45.4218406702026,-23.8284749905292
-45.4221136093956,-23.8284421340302
-45.4222680127308,-23.8283283998812
-45.4224986330000,-23.8281931289999
-45.4227535450000,-23.8280931940000
-45.4230448719999,-23.8281265049999
-45.4232269519999,-23.8283263759999
-45.4232269519999,-23.8285928700000
-45.4231177039999,-23.8288260539999
-45.4230448719999,-23.8290925470000
-45.4231905349999,-23.8293257289999
-45.4234454479999,-23.8294256629999
-45.4237367740000,-23.8293923520000
-45.4239552710000,-23.8292257930000
-45.4240669021701,-23.8290839398598
-45.4243135261901,-23.8291787713895
-45.4246462930900,-23.8292992672594
-45.4250403409299,-23.8291376516497
-45.4253026609999,-23.8289926120000
-45.4255939889999,-23.8289926120000
-45.4258853159999,-23.8290592360000
-45.4261766430000,-23.8291258589999
-45.4263587240000,-23.8293257289999
-45.4265043870000,-23.8295589090000
-45.4265408030000,-23.8298254009999
-45.4266500510000,-23.8300585819999
-45.4268321310000,-23.8302584500000
-45.4270142110000,-23.8304583180000
-45.4272691220000,-23.8306248750000
-45.4275240329999,-23.8307248080000
-45.4277789440000,-23.8308247410000
-45.4280338569999,-23.8309246759999
-45.4282887689999,-23.8310246089999
-45.4285800970000,-23.8310912310000
-45.4288350060000,-23.8311911650000
-45.4290899200000,-23.8312910970000
-45.4293812480000,-23.8314576540000
-45.4296361590000,-23.8316242090000
-45.4298910690000,-23.8317907630000
-45.4301095669999,-23.8319573169999
-45.4303644779999,-23.8321238729999
-45.4305829739999,-23.8322904270000
-45.4308378850000,-23.8323903600000
-45.4310927960000,-23.8325569140000
-45.4313112930000,-23.8327234669999
-45.4315297890000,-23.8328900210000
-45.4317482840000,-23.8330565740000
-45.4320396109999,-23.8331231949999
-45.4323309389999,-23.8331565060000
-45.4324037719999,-23.8328900210000
-45.4323673560000,-23.8326235339999
-45.4322945240000,-23.8323570489999
-45.4321124440000,-23.8321238729999
-45.4319303640000,-23.8319240069999
-45.4318518837498,-23.8317863018498
-45.4317808125697,-23.8315614128298
-45.4316268605897,-23.8313158028599
-45.4314678847098,-23.8310246089999
-45.4313477090000,-23.8307581189999
-45.4312384610000,-23.8304916279999
-45.4311022489999,-23.8301629900000
-45.4322650820000,-23.8293207199999
-45.4335366719999,-23.8286049100000
-45.4344170040000,-23.8281575259999
-45.4353462430000,-23.8278890939999
-45.4366178330000,-23.8273522300000
-45.4374567398620,-23.8271533292823
-45.4383221061380,-23.8268190908959
-45.4392280292935,-23.8267170059888
-45.4401492675769,-23.8266470836475
-45.4407244441693,-23.8266598282686
-45.4409890027001,-23.8267740726411
-45.4411071840000,-23.8268939590000
-45.4411800149999,-23.8271604569999
-45.4413256789999,-23.8273936410000
-45.4413620960000,-23.8276601360000
-45.4413620960000,-23.8279266329999
-45.4414613338487,-23.8281547319793
-45.4414326253249,-23.8284082550621
-45.4414106435319,-23.8287131460827
-45.4413292832007,-23.8289745550621
-45.4414554279730,-23.8293879959315
-45.4416391486831,-23.8297195587389
-45.4418346821448,-23.8296364329936
-45.4420751599378,-23.8295550726624
-45.4423766559793,-23.8295093074761
-45.4425967936894,-23.8295629585589
-45.4428169313996,-23.8296448356210
-45.4430659375238,-23.8297554593933
-45.4432937827101,-23.8299044781863
-45.4435470509999,-23.8300585819999
-45.4437291309999,-23.8302917610000
-45.4438383799999,-23.8305249410000
-45.4439840420000,-23.8307581189999
-45.4441661229999,-23.8309912970000
-45.4443117869999,-23.8312244759999
-45.4444938669999,-23.8314576540000
-45.4446031140000,-23.8316908309999
-45.4448216110000,-23.8318573860000
-45.4450765230000,-23.8319906290000
-45.4453314340000,-23.8320905620000
-45.4456016010621,-23.8325311913870
-45.4459480434347,-23.8328068149666
-45.4462182084968,-23.8330389575049
-45.4464629514554,-23.8329965099252
-45.4464949423996,-23.8326942095589
-45.4464431114473,-23.8323926441448
-45.4465244717785,-23.8321261571448
-45.4466092744203,-23.8318444150827
-45.4466788239999,-23.8315575849999
-45.4468313746209,-23.8314029674553
-45.4469676874346,-23.8311982326560
-45.4471599384760,-23.8309322593869
-45.4474343707039,-23.8307250232213
-45.4476011946417,-23.8303624345588
-45.4476256389999,-23.8300252699999
-45.4476620549999,-23.8297587789999
-45.4475892209999,-23.8294922850000
-45.4475528069999,-23.8292257919999
-45.4474799739999,-23.8289593000000
-45.4473707269999,-23.8286928059999
-45.4472978939999,-23.8284263119999
-45.4471886469999,-23.8281931289999
-45.4470065679999,-23.8279932569999
-45.4469701519999,-23.8277267599999
-45.4469701519999,-23.8274602659999
-45.4470429829999,-23.8271937689999
-45.4472614800000,-23.8270272079999
-45.4475163909999,-23.8268606469999
-45.4478597753336,-23.8267079605925
-45.4483158587042,-23.8264802925189
-45.4486748029263,-23.8264052639643
-45.4490320658527,-23.8262248253717
-45.4494655253704,-23.8260333090379
-45.4499233734821,-23.8258196003336
-45.4502840039999,-23.8256280879999
-45.4506117459999,-23.8255281510000
-45.4508666589999,-23.8254282130000
-45.4511215690000,-23.8252616500000
-45.4511579859999,-23.8252283369999
-45.4519591349999,-23.8250284609999
-45.4522140489999,-23.8249285229999
-45.4524689609999,-23.8248285839999
-45.4527238699999,-23.8246953340000
-45.4529787839999,-23.8245620819999
-45.4532701119999,-23.8244621439999
-45.4534886069999,-23.8242955789999
-45.4537071029999,-23.8241290149999
-45.4559362159999,-23.8229230129999
-45.4585772099999,-23.8217597610000
-45.4621474429999,-23.8199253789999
-45.4647756492374,-23.8189858089999
-45.4655306293050,-23.8189264652036
-45.4662882012031,-23.8189074731189
-45.4670155872369,-23.8189347171189
-45.4673693323388,-23.8189619187967
-45.4677272439999,-23.8189654070000
-45.4680185719999,-23.8190320360000
-45.4682734829999,-23.8191319779999
-45.4684555629999,-23.8193318639999
-45.4686376429999,-23.8195650629999
-45.4687104749999,-23.8198315749999
-45.4687104749999,-23.8200980869999
-45.4687104749999,-23.8201314009999
-45.4686376429999,-23.8205977960000
-45.4686376429999,-23.8208643039999
-45.4686376429999,-23.8211308149999
-45.4686376429999,-23.8213973249999
-45.4686376429999,-23.8216638339999
-45.4686246419490,-23.8219646762203
-45.4687359727286,-23.8222837042712
-45.4688751332031,-23.8225350831018
-45.4691066322541,-23.8226309442203
-45.4693659599999,-23.8227964909999
-45.4694752099999,-23.8230296830000
-45.4695480409999,-23.8232961889999
-45.4696937040000,-23.8235293810000
-45.4699486169999,-23.8236293200000
-45.4702399449999,-23.8236293200000
-45.4704584399999,-23.8234627539999
-45.4706405189999,-23.8232295619999
-45.4708590139999,-23.8231962636012
-45.4711040562517,-23.8231259408459
-45.4713244161328,-23.8229877509718
-45.4714768808881,-23.8227631926013
-45.4717231272517,-23.8226176072165
-45.4719317505034,-23.8226657132376
-45.4720243259999,-23.8228631149999
-45.4720607419999,-23.8231296229999
-45.4721335730000,-23.8233961280000
-45.4722064059999,-23.8236626329999
-45.4722792379999,-23.8239291369999
-45.4723520679999,-23.8241956409999
-45.4724613179999,-23.8244621439999
-45.4725705650000,-23.8247286439999
-45.4727150208881,-23.8250827732165
-45.4730223646223,-23.8252740165871
-45.4733167636152,-23.8253048523495
-45.4735537959999,-23.8251617120000
-45.4736994599999,-23.8249285229999
-45.4737722919999,-23.8246620209999
-45.4738087079999,-23.8243955169999
-45.4738778102376,-23.8242079889858
-45.4740988278881,-23.8240538051744
-45.4743161167763,-23.8239797670626
-45.4746025109021,-23.8239242343283
-45.4748870381469,-23.8239945570836
-45.4751172697763,-23.8240735154683
-45.4752993507763,-23.8242733934683
-45.4755042442657,-23.8244769672235
-45.4757023369999,-23.8245620819999
-45.4758115849999,-23.8248285839999
-45.4759572469999,-23.8250617739999
-45.4760300809999,-23.8253282740000
-45.4760664969999,-23.8255947759999
-45.4761393289999,-23.8258612760000
-45.4762319044964,-23.8260290575175
-45.4763226151117,-23.8261771337411
-45.4765763199999,-23.8262943369999
-45.4767948159999,-23.8264942119999
-45.4770133119999,-23.8266607709999
-45.4771953910000,-23.8268606469999
-45.4773774710000,-23.8270605199999
-45.4774923116434,-23.8272813756152
-45.4775775410421,-23.8275219737271
-45.4777318696785,-23.8277329575941
-45.4779651733009,-23.8280377200695
-45.4782725150351,-23.8281894744472
-45.4785224901609,-23.8282486823353
-45.4788119522798,-23.8283584910836
-45.4790668652798,-23.8284831064542
-45.4793217752798,-23.8285978490765
-45.4796013676505,-23.8287101144612
-45.4798760231470,-23.8288729747059
-45.4800914471539,-23.8289815443353
-45.4803562309022,-23.8291184870906
-45.4806407561469,-23.8292418633424
-45.4809715721398,-23.8293232939647
-45.4813202657481,-23.8293146377341
-45.4816017209999,-23.8292924169999
-45.4818930490000,-23.8293590399999
-45.4821843770000,-23.8293590399999
-45.4824757039999,-23.8293590399999
-45.4827670319999,-23.8293257289999
-45.4830583599999,-23.8292591049999
-45.4833496859999,-23.8292591049999
-45.4836410139999,-23.8292257919999
-45.4839687579999,-23.8291924810000
-45.4842600859999,-23.8291924810000
-45.4845514140000,-23.8291924810000
-45.4848427399999,-23.8292924169999
-45.4850612369999,-23.8294589749999
-45.4853481256324,-23.8299127862565
-45.4857485188204,-23.8300365364444
-45.4860808829999,-23.8298587129999
-45.4863722109999,-23.8298253999999
-45.4866635389999,-23.8298253999999
-45.4869548659999,-23.8297920900000
-45.4872097779999,-23.8296921559999
-45.4874702488606,-23.8296922804917
-45.4877171049753,-23.8296591351474
-45.4880751393032,-23.8294702593769
-45.4883442298607,-23.8294008147827
-45.4886299999999,-23.8293257289999
-45.4889213279999,-23.8293923520000
-45.4891376103811,-23.8294145041147
-45.4893713659343,-23.8294867693032
-45.4896057429262,-23.8295702767048
-45.4898992815450,-23.8296700862131
-45.4901230539999,-23.8297920900000
-45.4902323019999,-23.8300252699999
-45.4903506065469,-23.8302584499999
-45.4903594852819,-23.8306010578119
-45.4905506228289,-23.8309639395469
-45.4905643015554,-23.8312714657264
-45.4907421249999,-23.8315242739999
-45.4907785409999,-23.8317907619999
-45.4908513729999,-23.8320572509999
-45.4908163149647,-23.8323878740157
-45.4908818069451,-23.8326370840196
-45.4910391589569,-23.8328462080137
-45.4911564229589,-23.8330232639999
-45.4911971869510,-23.8333538850157
-45.4912780359530,-23.8335963180097
-45.4913304859569,-23.8338387500038
-45.4914674539725,-23.8340731649960
-45.4915810499647,-23.8343384060038
-45.4917310619569,-23.8346024040195
-45.4918242759530,-23.8347634230019
-45.4918920809784,-23.8350058529960
-45.4919802679999,-23.8352883679999
-45.4917253559999,-23.8354216079999
-45.4914340269999,-23.8354882279999
-45.4912519489999,-23.8356880879999
-45.4912155329999,-23.8359545679999
-45.4912155329999,-23.8362210449999
-45.4912519489999,-23.8364875249999
-45.4912610065470,-23.8369181477180
-45.4913883716409,-23.8373564956155
-45.4916386624615,-23.8373606735300
-45.4920166840000,-23.8372203380000
-45.4923080099999,-23.8372203380000
-45.4924900899999,-23.8374201949999
-45.4926721710000,-23.8376200520000
-45.4929498192734,-23.8380149594360
-45.4934052909915,-23.8380423168890
-45.4937646490000,-23.8376533610000
-45.4939831440000,-23.8374868139999
-45.4940559770000,-23.8372203380000
-45.4942744720000,-23.8370537900000
-45.4945658000000,-23.8371204090000
-45.4948571259999,-23.8371870280000
-45.4951120389999,-23.8372869569999
-45.4953305349999,-23.8374535049999
-45.4955490309999,-23.8376533610000
-45.4957675260000,-23.8378532170000
-45.4959860220000,-23.8380530740000
-45.4962409330000,-23.8381530000000
-45.4964594300000,-23.8383195480000
-45.4967507570000,-23.8383861679999
-45.4970056690000,-23.8385194049999
-45.4972605799999,-23.8386526410000
-45.4975154909999,-23.8387525690000
-45.4978068199999,-23.8387858780000
-45.4980981470000,-23.8387858780000
-45.4983530580000,-23.8386526410000
-45.4985351390000,-23.8384527859999
-45.4987900490000,-23.8382862399999
-45.4990813780000,-23.8383528580000
-45.4993362900000,-23.8384860950000
-45.4995912009999,-23.8386193310000
-45.4998461119999,-23.8387858780000
-45.5000646089999,-23.8389524240000
-45.5002466879999,-23.8391855880000
-45.5004287679999,-23.8393854420000
-45.5006108470000,-23.8396186040000
-45.5008293440000,-23.8397851480000
-45.5010478380000,-23.8399516940000
-45.5012663350000,-23.8401182379999
-45.5014848300000,-23.8402847820000
-45.5016669100000,-23.8404846349999
-45.5018489900000,-23.8406844870000
-45.5019946529999,-23.8409176480000
-45.5021039009999,-23.8411508080000
-45.5021403179999,-23.8414172760000
-45.5022131480000,-23.8416837440000
-45.5022859819999,-23.8419502110000
-45.5024316459999,-23.8421833689999
-45.5026865569999,-23.8422832940000
-45.5029778840000,-23.8422499840000
-45.5031963800000,-23.8420834440000
-45.5033784600000,-23.8418835940000
-45.5034877080000,-23.8416504340000
-45.5038882840000,-23.8413839670000
-45.5041431950000,-23.8412840419999
-45.5044345229999,-23.8412507319999
-45.5047986819999,-23.8411508080000
-45.5050900080000,-23.8410841909999
-45.5053813379999,-23.8410508819999
-45.5056726650000,-23.8410508819999
-45.5059639920000,-23.8410508819999
-45.5062325827265,-23.8409313267265
-45.5066926756240,-23.8409830207010
-45.5070975071795,-23.8408795414360
-45.5075163820855,-23.8410377356070
-45.5078350665385,-23.8408890452480
-45.5081533883675,-23.8406832417010
-45.5084583930939,-23.8405464544360
-45.5087680210000,-23.8403514000000
-45.5090229319999,-23.8404846349999
-45.5093142599999,-23.8405179439999
-45.5096055879999,-23.8404846349999
-45.5098969140000,-23.8404513259999
-45.5101882420000,-23.8404513259999
-45.5104795710000,-23.8404846349999
-45.5107708980000,-23.8405179439999
-45.5109300589145,-23.8408093721710
-45.5111165772820,-23.8409426061710
-45.5113077128289,-23.8410681139915
-45.5115125311024,-23.8412816427180
-45.5117676259144,-23.8414600868120
-45.5120818729999,-23.8415172009999
-45.5123732000000,-23.8415838179999
-45.5125550971880,-23.8418556148975
-45.5128737826410,-23.8419026036240
-45.5131787893675,-23.8419162823505
-45.5135385110000,-23.8419632690770
-45.5138708741794,-23.8419828993505
-45.5142305948120,-23.8420512929830
-45.5145492802650,-23.8419085541710
-45.5146674030000,-23.8415838179999
-45.5148130680000,-23.8413506570000
-45.5149223170000,-23.8411174980000
-45.5149223170000,-23.8408510280000
-45.5149223170000,-23.8405845610000
-45.5148859010000,-23.8403180910000
-45.5147766530000,-23.8400849289999
-45.5147038200000,-23.8398184580000
-45.5144853250000,-23.8396519130000
-45.5142304139999,-23.8395519869999
-45.5139755019999,-23.8394520589999
-45.5137205889999,-23.8393521330000
-45.5134656790000,-23.8392188960000
-45.5133564310000,-23.8389857330000
-45.5132835990000,-23.8387192590000
-45.5132107660000,-23.8384527859999
-45.5131015190000,-23.8382196210000
-45.5129922710000,-23.8379864540000
-45.5128101920000,-23.8377865990000
-45.5126281120000,-23.8375867419999
-45.5124460310000,-23.8373868849999
-45.5122275340000,-23.8371870280000
-45.5120090400000,-23.8370204800000
-45.5117905449999,-23.8368206219999
-45.5116448809999,-23.8365874540000
-45.5114628009999,-23.8363875960000
-45.5113899679999,-23.8359212579999
-45.5114263849999,-23.8356547779999
-45.5114263849999,-23.8353882979999
-45.5114263849999,-23.8351218179999
-45.5114263849999,-23.8348553360000
-45.5114992150000,-23.8345888549999
-45.5115356329999,-23.8343223720000
-45.5115720489999,-23.8340558890000
-45.5116084649999,-23.8337894059999
-45.5116812959999,-23.8335229209999
-45.5117905449999,-23.8332897490000
-45.5118997929999,-23.8330565740000
-45.5119726249999,-23.8327900890000
-45.5120818729999,-23.8325236030000
-45.5121911200000,-23.8322904270000
-45.5123732000000,-23.8320572510000
-45.5125916960000,-23.8318906969999
-45.5128101920000,-23.8317241419999
-45.5129922710000,-23.8315242739999
-45.5133974671795,-23.8315485835215
-45.5136887941794,-23.8316229307010
-45.5141073054614,-23.8317484495215
-45.5144940199229,-23.8318662421625
-45.5148310032819,-23.8321029644275
-45.5153822270855,-23.8322712910600
-45.5158053585470,-23.8322677477950
-45.5162061153589,-23.8322737013420
-45.5167026242565,-23.8323617262480
-45.5172442430770,-23.8323873120685
-45.5177627610000,-23.8322904270000
-45.5179812549999,-23.8324569800000
-45.5182725839999,-23.8324569800000
-45.5185639109999,-23.8324569800000
-45.5188552370000,-23.8324569800000
-45.5190737340000,-23.8322904270000
-45.5194014790000,-23.8318573860000
-45.5195835559999,-23.8316242090000
-45.5197292220000,-23.8313910310000
-45.5199112999999,-23.8311911650000
-45.5201662140000,-23.8310579189999
-45.5204575410000,-23.8310579189999
-45.5207488689999,-23.8311245429999
-45.5208945329999,-23.8313577190000
-45.5208945329999,-23.8316242090000
-45.5207852849999,-23.8318573860000
-45.5207852849999,-23.8321238729999
-45.5208945329999,-23.8323570489999
-45.5210766100000,-23.8325569140000
-45.5213315239999,-23.8326901569999
-45.5215864360000,-23.8328567099999
-45.5218777630000,-23.8328900210000
-45.5221690900000,-23.8329566419999
-45.5224604169999,-23.8329899530000
-45.5227517460000,-23.8329899530000
-45.5230430740000,-23.8329899530000
-45.5232251520000,-23.8327567780000
-45.5231523219999,-23.8324902919999
-45.5229702409999,-23.8322571159999
-45.5228609940000,-23.8320239399999
-45.5226789140000,-23.8317907630000
-45.5224968340000,-23.8315575849999
-45.5223875870000,-23.8313244089999
-45.5222783390000,-23.8310912310000
-45.5221690900000,-23.8308580529999
-45.5221326750000,-23.8305915629999
-45.5222055070000,-23.8303250719999
-45.5223511700000,-23.8300918930000
-45.5224968340000,-23.8298587130000
-45.5226060809999,-23.8296255330000
-45.5227517460000,-23.8293923520000
-45.5229702409999,-23.8292257930000
-45.5232891092649,-23.8291216750855
-45.5236484652735,-23.8289979228975
-45.5239808304530,-23.8290175561710
-45.5244632960000,-23.8290259240000
-45.5247546240000,-23.8290259240000
-45.5250095350000,-23.8289259880000
-45.5253008630000,-23.8289259880000
-45.5255921899999,-23.8289593000000
-45.5258835170000,-23.8290592360000
-45.5261748459999,-23.8290592360000
-45.5264661730000,-23.8290259240000
-45.5267575010000,-23.8289926120000
-45.5270488280000,-23.8290021068120
-45.5274268485385,-23.8290799952565
-45.5278089428204,-23.8291252153505
-45.5281777229999,-23.8293590399999
-45.5284326349999,-23.8295255969999
-45.5287239620000,-23.8295255969999
-45.5292655808205,-23.8297599069830
-45.5296025651795,-23.8296266609830
-45.5300489773505,-23.8294250193505
-45.5303404881625,-23.8291567567180
-45.5306540079999,-23.8288593650000
-45.5309453350000,-23.8287594299999
-45.5312503417265,-23.8288099599915
-45.5317829020000,-23.8289443339745
-45.5321289429059,-23.8289306552480
-45.5325200977349,-23.8289348381625
-45.5329117969999,-23.8287261180000
-45.5333946261710,-23.8289723350770
-45.5338364201625,-23.8290972132480
-45.5344318418289,-23.8291543434360
-45.5347141132819,-23.8292875894360
-45.5351514689059,-23.8293780296240
-45.5354470514615,-23.8296153935385
-45.5357612995470,-23.8300144908890
-45.5361528160000,-23.8300585819999
-45.5363348960000,-23.8302584500000
-45.5365898080000,-23.8303583840000
-45.5368447189999,-23.8305249410000
-45.5370996309999,-23.8306248750000
-45.5373909589999,-23.8306581859999
-45.5376822859999,-23.8306581859999
-45.5378643660000,-23.8304583180000
-45.5379371970000,-23.8301918270000
-45.5379736140000,-23.8299253360000
-45.5380828620000,-23.8296588439999
-45.5381228895916,-23.8294423864895
-45.5384057397817,-23.8293994282043
-45.5383432131584,-23.8291571686204
-45.5384834370000,-23.8290925470000
-45.5387383490000,-23.8289926120000
-45.5389660843590,-23.8288962172650
-45.5393073242734,-23.8288563070685
-45.5397080830854,-23.8288426283420
-45.5399036589999,-23.8283929999999
-45.5401221549999,-23.8282264410000
-45.5400493220000,-23.8279599450000
-45.5397944109999,-23.8278266980000
-45.5395394989999,-23.8276934479999
-45.5393574199999,-23.8274935780000
-45.5391389229999,-23.8273270170000
-45.5388840120000,-23.8271604569999
-45.5385926850000,-23.8270605200000
-45.5383013570000,-23.8270272079999
-45.5380464460000,-23.8268606469999
-45.5374637899999,-23.8267940219999
-45.5371724629999,-23.8267607100000
-45.5368811339999,-23.8266940839999
-45.5366262230000,-23.8265941490000
-45.5363713120000,-23.8264608990000
-45.5362620630000,-23.8261944000000
-45.5362620630000,-23.8259279009999
-45.5362984800000,-23.8256614009999
-45.5362620630000,-23.8253948999999
-45.5361892320000,-23.8251283989999
-45.5360435680000,-23.8248952100000
-45.5358614890000,-23.8246953340000
-45.5356429930000,-23.8245287690000
-45.5353516650000,-23.8244288310000
-45.5350603379999,-23.8243622040000
-45.5348054259999,-23.8242622669999
-45.5346597619999,-23.8240290759999
-45.5342591870000,-23.8236959459999
-45.5338586110000,-23.8232628759999
-45.5336401160000,-23.8230963089999
-45.5337966339999,-23.8218045030000
-45.5339433550000,-23.8201490869999
-45.5341389860000,-23.8190305500000
-45.5345791500000,-23.8182251969999
-45.5354594830000,-23.8167039639999
-45.5368500527095,-23.8150980813759
-45.5374963140685,-23.8145499763590
-45.5379231556494,-23.8139412338805
-45.5383741880000,-23.8135498387095
-45.5386246616325,-23.8134183363420
-45.5388841948120,-23.8132184433420
-45.5390799525385,-23.8129501517095
-45.5392117560000,-23.8125022789999
-45.5394666679999,-23.8123690159999
-45.5397215789999,-23.8122357519999
-45.5399400749999,-23.8120691720000
-45.5401949860000,-23.8119692239999
-45.5403770660000,-23.8117693280000
-45.5406319770000,-23.8116360619999
-45.5408868900000,-23.8115027979999
-45.5411418020000,-23.8113695329999
-45.5413967130000,-23.8112362689999
-45.5416152090000,-23.8110696859999
-45.5418337049999,-23.8109031060000
-45.5420157839999,-23.8107032060000
-45.5422342799999,-23.8105366259999
-45.5424527759999,-23.8103700419999
-45.5427076870000,-23.8102367779999
-45.5429625990000,-23.8101368279999
-45.5431810940000,-23.8099702449999
-45.5433995910000,-23.8098036620000
-45.5440273559229,-23.8092110025300
-45.5446242360855,-23.8090230186240
-45.5450701028205,-23.8091640058035
-45.5454024680000,-23.8092853547095
-45.5456980515555,-23.8095501290770
-45.5460213571880,-23.8096209619915
-45.5463856979999,-23.8096037619999
-45.5466303023680,-23.8097443750839
-45.5468288079282,-23.8098562664007
-45.5469897689979,-23.8099540992068
-45.5472314011385,-23.8100199467078
-45.5476371541025,-23.8100695173505
-45.5481473427265,-23.8101028343505
-45.5484614080000,-23.8099702449999
-45.5487163170000,-23.8100701950000
-45.5490076469999,-23.8101035110000
-45.5492625589999,-23.8099702449999
-45.5492989749999,-23.8097037100000
-45.5492261420000,-23.8093824640939
-45.5496544390770,-23.8092460781625
-45.5499544620000,-23.8092639568035
-45.5502457890000,-23.8090373780000
-45.5505007010000,-23.8091373280000
-45.5507556130000,-23.8093039120000
-45.5509741069999,-23.8094704960000
-45.5512290199999,-23.8096370790000
-45.5514475159999,-23.8098036620000
-45.5516660110000,-23.8099702449999
-45.5519209220000,-23.8101035110000
-45.5522122500000,-23.8101701450000
-45.5525399940000,-23.8102034610000
-45.5527355709145,-23.8105650674360
-45.5531089702734,-23.8106608185215
-45.5536191568975,-23.8108112845130
-45.5540335934360,-23.8106352217010
-45.5542879590000,-23.8101701450000
-45.5545792849999,-23.8101035110000
-45.5548706150000,-23.8099702449999
-45.5550162790000,-23.8097370290000
-45.5549070300000,-23.8094704960000
-45.5546885350000,-23.8092705949999
-45.5545428720000,-23.8090373780000
-45.5543972080000,-23.8088041590000
-45.5542151280000,-23.8085376229999
-45.5540694640000,-23.8083044040000
-45.5540694640000,-23.8080378700000
-45.5541422950000,-23.8077713329999
-45.5540694640000,-23.8075047949999
-45.5538873839999,-23.8073048900000
-45.5536324729999,-23.8071716229999
-45.5535143482650,-23.8069015667349
-45.5534827342565,-23.8066403036325
-45.5535282078035,-23.8063874433590
-45.5534962301710,-23.8060661884530
-45.5533411449999,-23.8057722899999
-45.5533047279999,-23.8055057469999
-45.5531954809999,-23.8052725219999
-45.5530498180000,-23.8050392989999
-45.5527949050000,-23.8049393460000
-45.5525399940000,-23.8047727570000
-45.5518845070000,-23.8045395309999
-45.5516758030000,-23.8044304169999
-45.5530635496233,-23.8016834580176
-45.5536849532872,-23.8009899044212
-45.5543419466579,-23.8010807458805
-45.5546242161109,-23.8012003431540
-45.5549611994700,-23.8013122222480
-45.5552571476494,-23.8014591769745
-45.5555440372819,-23.8015984135215
-45.5559083770939,-23.8015538640770
-45.5562954561795,-23.8015538640770
-45.5565093330000,-23.8012076919999
-45.5566185810000,-23.8009744590000
-45.5566185810000,-23.8007079090000
-45.5566549970000,-23.8004413560000
-45.5566549970000,-23.8001748029999
-45.5564365010000,-23.8000082080000
-45.5562180049999,-23.7998082939999
-45.5560359259999,-23.7996083789999
-45.5558174299999,-23.7994417830000
-45.5556353480000,-23.7992418670000
-45.5554168539999,-23.7990752699999
-45.5552347740000,-23.7988753520000
-45.5552347740000,-23.7986087980000
-45.5552347740000,-23.7983422419999
-45.5551983580000,-23.7980756859999
-45.5549798630000,-23.7979090869999
-45.5547249510000,-23.7977758090000
-45.5546521190000,-23.7972093729999
-45.5545064560000,-23.7969761310000
-45.5542879590000,-23.7968095340000
-45.5545160599830,-23.7965100033335
-45.5547162570770,-23.7963553274275
-45.5550122042565,-23.7961596153420
-45.5552124013505,-23.7958407947180
-45.5551983580000,-23.7955100490000
-45.5551983580000,-23.7952434869999
-45.5549798630000,-23.7950435650000
-45.5551202170000,-23.7945098100000
-45.5554625679999,-23.7940623100000
-45.5560983619999,-23.7937490579999
-45.5576633960000,-23.7928987980000
-45.5593751510000,-23.7922275370000
-45.5605978320000,-23.7917352769999
-45.5611358140000,-23.7915562720000
-45.5637768060000,-23.7913325169999
-45.5680806509999,-23.7913325169999
-45.5687164449999,-23.7915115210000
-45.5725801220000,-23.7916905260000
-45.5852960199999,-23.7916905260000
-45.5868438200000,-23.7917781250000
-45.5871864309550,-23.7918592813371
-45.5873493294382,-23.7920656028426
-45.5874387036067,-23.7923276206179
-45.5874993070000,-23.7927111150000
-45.5875721390000,-23.7929776839999
-45.5876813870000,-23.7932109299999
-45.5878270510000,-23.7934441760000
-45.5879362979999,-23.7936774199999
-45.5880819609999,-23.7939106649999
-45.5882276259999,-23.7941439109999
-45.5883739833145,-23.7943497376966
-45.5884564045730,-23.7945779406629
-45.5886282019999,-23.7948103219999
-45.5887692816179,-23.7949952418539
-45.5889666520674,-23.7950952038539
-45.5891205186966,-23.7952257799101
-45.5893281727191,-23.7953873408763
-45.5896260291348,-23.7955835743146
-45.5898299280000,-23.7957766110000
-45.5899027600000,-23.7960431719999
-45.5901212560000,-23.7962097729999
-45.5903397509999,-23.7963763740000
-45.5906310779999,-23.7964430129999
-45.5909224059999,-23.7963763740000
-45.5909224059999,-23.7961098129999
-45.5908495749999,-23.7958432519999
-45.5909224059999,-23.7955766900000
-45.5910316549999,-23.7953434469999
-45.5912137340000,-23.7951435259999
-45.5914686440000,-23.7950435650000
-45.5917235580000,-23.7949102830000
-45.5919784680000,-23.7947770009999
-45.5922697970000,-23.7948103219999
-45.5925247090000,-23.7949436030000
-45.5927796199999,-23.7950435650000
-45.5930345319999,-23.7951768459999
-45.5932530279999,-23.7953434469999
-45.5935079389999,-23.7954767290000
-45.5937628510000,-23.7956100100000
-45.5940177630000,-23.7957432910000
-45.5942362570000,-23.7959098910000
-45.5944547540000,-23.7960764919999
-45.5946368340000,-23.7962764140000
-45.5948189130000,-23.7964763329999
-45.5947824949999,-23.7967428940000
-45.5947096660000,-23.7970094529999
-45.5948553290000,-23.7972426919999
-45.5951102390000,-23.7973759710000
-45.5953651529999,-23.7975092510000
-45.5955836479999,-23.7976758490000
-45.5957657279999,-23.7979090869999
-45.5959113919999,-23.7981423250000
-45.5959842239999,-23.7984088800000
-45.5961663030000,-23.7986087980000
-45.5964576310000,-23.7986754369999
-45.5967489590000,-23.7986754369999
-45.5969674550000,-23.7985088400000
-45.5970767020000,-23.7982756030000
-45.5972223649999,-23.7980423640000
-45.5972587820000,-23.7977758090000
-45.5974622618974,-23.7973981160640
-45.5979670162371,-23.7971688212179
-45.5983826063397,-23.7970584467115
-45.5987518360000,-23.7971760519999
-45.5989703320000,-23.7973426519999
-45.5992252440000,-23.7974759290000
-45.5994801539999,-23.7976092090000
-45.5997714830000,-23.7976092090000
-45.6000628099999,-23.7976092090000
-45.6003541370000,-23.7976092090000
-45.6016651120000,-23.7978757669999
-45.6019200240000,-23.7980090450000
-45.6021749349999,-23.7981090050000
-45.6024298469999,-23.7982089640000
-45.6026847580000,-23.7983089219999
-45.6029760860000,-23.7983755619999
-45.6032674140000,-23.7984755200000
-45.6035223250000,-23.7985754780000
-45.6037772360000,-23.7986754369999
-45.6040321490000,-23.7987753959999
-45.6042870599999,-23.7988753520000
-45.6050153790000,-23.7993085049999
-45.6054523690000,-23.7995417409999
-45.6058893630000,-23.7998416130000
-45.6067269289999,-23.8001081660000
-45.6072592731538,-23.8001408284743
-45.6077465760000,-23.7999082520000
-45.6082552807435,-23.7996684497435
-45.6087311241346,-23.7993410755703
-45.6091467132371,-23.7989125212499
-45.6095673739999,-23.7984715778461
-45.6100771970000,-23.7983089219999
-45.6105141880000,-23.7984422009999
-45.6113517549999,-23.7985421590000
-45.6126627290000,-23.7985754780000
-45.6143075511278,-23.7988407204523
-45.6147422647014,-23.7991316670786
-45.6157075430598,-23.7990948450193
-45.6164683031795,-23.7993435581622
-45.6168511221923,-23.7996674030319
-45.6173179020000,-23.8000304210000
-45.6171722380000,-23.8006079510000
-45.6169780189999,-23.8012299040000
-45.6166866920000,-23.8021184020000
-45.6167838009999,-23.8026070729999
-45.6169294649999,-23.8028736219999
-45.6171722380000,-23.8032290180000
-45.6175606749999,-23.8037621100000
-45.6181433280000,-23.8038509579999
-45.6190173120000,-23.8035399880000
-45.6195999679999,-23.8032734420000
-45.6201340690000,-23.8032734420000
-45.6203768420000,-23.8034067149999
-45.6208138329999,-23.8035399880000
-45.6217849250000,-23.8038953800000
-45.6220276970000,-23.8042951990000
-45.6223190250000,-23.8046950139999
-45.6231444530000,-23.8047394389999
-45.7799929500000,-23.8722434179999
-45.7810063679999,-23.8728331469999
-45.7820197869999,-23.8727910239999
-45.7825725599999,-23.8723697880000
-45.7833095919999,-23.8720327990000
-45.7841387519999,-23.8717379329999
-45.7847836550000,-23.8711481980000
-45.7854285569999,-23.8706848329999
-45.7860734600000,-23.8703057149999
-45.7865341039999,-23.8696738489999
-45.7867644269999,-23.8690841050000
-45.7869026199999,-23.8681994830000
-45.7869026199999,-23.8672306049999
-45.7867183619999,-23.8660932170000
-45.7865341039999,-23.8651664490000
-45.7861758249999,-23.8644643480000
-45.7858892019999,-23.8628073739999
-45.7855667509999,-23.8620912179999
-45.7851982349999,-23.8614171849999
-45.7848297189999,-23.8610380389999
-45.7843230099999,-23.8606167659999
-45.7839084299999,-23.8604903830000
-45.7834938500000,-23.8603640009999
-45.7829871399999,-23.8602376179999
-45.7824804310000,-23.8599848519999
-45.7821579799999,-23.8598584689999
-45.7816052059999,-23.8598584689999
-45.7810524330000,-23.8598584689999
-45.7804996589999,-23.8598163419999
-45.7798086919999,-23.8596057029999
-45.7792098539999,-23.8594371919999
-45.7784728219999,-23.8591844249999
-45.7778279199999,-23.8589737849999
-45.7770908879999,-23.8589737849999
-45.7762617280000,-23.8589737849999
-45.7756168249999,-23.8590580409999
-45.7750640519999,-23.8592686809999
-45.7739124399999,-23.8599427249999
-45.7734517949999,-23.8605325109999
-45.7730832799999,-23.8609959119999
-45.7728068929999,-23.8615435659999
-45.7730832799999,-23.8619648370000
-45.7735439239999,-23.8624703599999
-45.7739585039999,-23.8632707669999
-45.7742348909999,-23.8638605379999
-45.7745112779999,-23.8649558189999
-45.7749258579999,-23.8673148560000
-45.7751561809999,-23.8681152329999
-45.7755246959999,-23.8687892309999
-45.7758010829999,-23.8697159729999
-45.7764459859999,-23.8701793419999
-45.7775515330000,-23.8704320869999
-45.7781043069999,-23.8708533289999
-45.7786570799999,-23.8712324459999
-45.7790716599999,-23.8719906749999
-45.5241320399999,-23.8563317639999
-45.5246254709999,-23.8564929329999
-45.5252246370000,-23.8563962320000
-45.5253303719999,-23.8559771920000
-45.5254008629999,-23.8556226179999
-45.5257885579999,-23.8553969799999
-45.5258942940000,-23.8550746390000
-45.5259647839999,-23.8545266579999
-45.5258942940000,-23.8541720800000
-45.5255770879999,-23.8534951569999
-45.5254713529999,-23.8530761079999
-45.5254008629999,-23.8527537609999
-45.5254008629999,-23.8523669439999
-45.5253303719999,-23.8516255409999
-45.5253303719999,-23.8511420159999
-45.5254361080000,-23.8507874289999
-45.5256828230000,-23.8507229579999
-45.5260352739999,-23.8505940169999
-45.5263524789999,-23.8504973120000
-45.5263524789999,-23.8499815459999
-45.5259647839999,-23.8496914269999
-45.5251893919999,-23.8486276529999
-45.5245197359999,-23.8475961049999
-45.5243082649999,-23.8470158559999
-45.5240615499999,-23.8463066589999
-45.5238148339999,-23.8459842949999
-45.5234271389999,-23.8457586399999
-45.5230041979999,-23.8457264039999
-45.5226165019999,-23.8458875859999
-45.5221230710000,-23.8460810039999
-45.5217706199999,-23.8462744219999
-45.5213124339999,-23.8464356039999
-45.5209247379999,-23.8465645489999
-45.5205722879999,-23.8467902030000
-45.5202198370000,-23.8470158559999
-45.5199378759999,-23.8472737449999
-45.5196911609999,-23.8476928129999
-45.5196206709999,-23.8481441160000
-45.5197968959999,-23.8485954170000
-45.5201845919999,-23.8491111879999
-45.5204313069999,-23.8494013079999
-45.5206075329999,-23.8496914269999
-45.5209247379999,-23.8501749590000
-45.5210304739999,-23.8504650759999
-45.5211362089999,-23.8508841340000
-45.5212066989999,-23.8521090649999
-45.5213476789999,-23.8526570569999
-45.5215591499999,-23.8532372809999
-45.5219820909999,-23.8538497369999
-45.5226517469999,-23.8546878289999
-45.5233918929999,-23.8553002780000
-45.5238853239999,-23.8561383609999
-45.5241320399999,-23.8563317639999
-45.7790716599999,-23.8719906749999
-45.7799929500000,-23.8722434179999
-45.6231444530000,-23.8047394389999
-45.6232901179999,-23.8041175029999
-45.6235328910000,-23.8036288370000
-45.6235814450000,-23.8029180469999
-45.6238749675576,-23.8025436946602
-45.6242289862371,-23.8022039474037
-45.6248301690319,-23.8017616400127
-45.6251373885576,-23.8013944774870
-45.6258193481152,-23.8013245818268
-45.6263022598461,-23.8008183134743
-45.6264474841346,-23.8004158613717
-45.6266889400000,-23.7998082939999
-45.6267860490000,-23.7992307609999
-45.6264461670000,-23.7986976490000
-45.6259606209999,-23.7981201119999
-45.6252323020000,-23.7973204390000
-45.6248924200000,-23.7965207610000
-45.6244068739999,-23.7962542000000
-45.6242629668461,-23.7959268807628
-45.6243781629294,-23.7954682141346
-45.6246708060640,-23.7951663585576
-45.6250596837755,-23.7950912026922
-45.6255425955063,-23.7947528134230
-45.6254750749999,-23.7943438340000
-45.6251863822692,-23.7938126376089
-45.6247811753204,-23.7932240105769
-45.6246187403717,-23.7928051962372
-45.6245525379999,-23.7922557269999
-45.6249895289999,-23.7918114459999
-45.6250380829999,-23.7913671620000
-45.6253836742499,-23.7910881179807
-45.6257866856409,-23.7909757289294
-45.6265472284037,-23.7909966248781
-45.6271766805576,-23.7906954607948
-45.6274353470833,-23.7902982368973
-45.6271744850000,-23.7899010130000
-45.6268346030000,-23.7895900110000
-45.6261062849999,-23.7895011520000
-45.6255236300000,-23.7894567250000
-45.6251337309999,-23.7894567250000
-45.6251826380000,-23.7885678580000
-45.6253293590000,-23.7873595450000
-45.6256717109999,-23.7865987489999
-45.6264542279999,-23.7857931949999
-45.6272856520000,-23.7851666509999
-45.6283616130000,-23.7846296100000
-45.6299755539999,-23.7840925660000
-45.6320785670000,-23.7837345369999
-45.6341815810000,-23.7832869979999
-45.6357686499999,-23.7831920699999
-45.6370310689999,-23.7831920699999
-45.6380992699999,-23.7832364999999
-45.6390218090000,-23.7832809320000
-45.6397015730000,-23.7836363810000
-45.6403813379999,-23.7839029660000
-45.6408668829999,-23.7840362610000
-45.6414009840000,-23.7845250000000
-45.6420807480000,-23.7843472769999
-45.6416437569999,-23.7838585370000
-45.6414009840000,-23.7835030859999
-45.6413524300000,-23.7829699129999
-45.6407697740000,-23.7825700310000
-45.6406735434230,-23.7821766263204
-45.6409180732692,-23.7817224554037
-45.6411939474550,-23.7813905384550
-45.6414349636089,-23.7808907474230
-45.6414495390000,-23.7803928690000
-45.6414980929999,-23.7800374120000
-45.6415952020000,-23.7791931959999
-45.6418865300000,-23.7781268090000
-45.6427892660000,-23.7777821440000
-45.6431805239999,-23.7776031210000
-45.6439630390000,-23.7774240969999
-45.6446966500000,-23.7772450730000
-45.6454302590000,-23.7772450730000
-45.6459682399999,-23.7772898290000
-45.6461638690000,-23.7774688530000
-45.6464084060000,-23.7777821440000
-45.6465062199999,-23.7781401910000
-45.6465551279999,-23.7785877470000
-45.6465551279999,-23.7790353010000
-45.6467507569999,-23.7793933450000
-45.6470442000000,-23.7795723639999
-45.6474843660000,-23.7797961420000
-45.6478756250000,-23.7797961420000
-45.6481201610000,-23.7797066319999
-45.6484136050000,-23.7792590789999
-45.6484625120000,-23.7788562800000
-45.6484136050000,-23.7786325019999
-45.6484136050000,-23.7783639689999
-45.6485603270000,-23.7782744579999
-45.6491472140000,-23.7780059230000
-45.6496851950000,-23.7777821440000
-45.6501742679999,-23.7777821440000
-45.6507611549999,-23.7778716540000
-45.6515925790000,-23.7779611679999
-45.6521794669999,-23.7780506779999
-45.6532065200000,-23.7781401910000
-45.6539890370000,-23.7784534799999
-45.6544781100000,-23.7788115250000
-45.6554562560000,-23.7790353010000
-45.6564344019999,-23.7793485889999
-45.6578038059999,-23.7795276109999
-45.6583531730000,-23.7794756050000
-45.6590179288654,-23.7798684268974
-45.6594791034936,-23.7802344473717
-45.6597985398653,-23.7805977234230
-45.6599455209999,-23.7811664459999
-45.6599455209999,-23.7817855310000
-45.6602057240000,-23.7821665029999
-45.6608302120000,-23.7824046130000
-45.6613863287628,-23.7824563501346
-45.6618159377115,-23.7823244618268
-45.6622546885256,-23.7821625211666
-45.6626516360000,-23.7821188830000
-45.6629118389999,-23.7824522339999
-45.6631200020000,-23.7828808259999
-45.6629118389999,-23.7832617970000
-45.6627557159999,-23.7838808729999
-45.6627557159999,-23.7844047020000
-45.6629638799999,-23.7848332899999
-45.6636404069999,-23.7851666339999
-45.6642352818141,-23.7855190556602
-45.6651271631858,-23.7857966866922
-45.6659077741859,-23.7859735838781
-45.6665751603204,-23.7856020845576
-45.6668148900000,-23.7849285299999
-45.6667628499999,-23.7844047020000
-45.6662944829999,-23.7838808729999
-45.6661383620000,-23.7831189330000
-45.6659301989999,-23.7823093690000
-45.6657220339999,-23.7818331509999
-45.6652536690000,-23.7813569340000
-45.6647332630000,-23.7812140679999
-45.6644210190000,-23.7806426019999
-45.6641608159999,-23.7798806449999
-45.6639526509999,-23.7792615509999
-45.6645041060000,-23.7783639689999
-45.6652377149999,-23.7775583640000
-45.6666071200000,-23.7767975120000
-45.6680254320000,-23.7759023830000
-45.6698839090000,-23.7750967649999
-45.6720847370000,-23.7745149259999
-45.6746279170000,-23.7743358979999
-45.6780514270000,-23.7742463829999
-45.6814260309999,-23.7744254120000
-45.6830399720000,-23.7748729809999
-45.6846648439999,-23.7754516770000
-45.6847168849999,-23.7781186010000
-45.6851385654793,-23.7785127475344
-45.6859138189999,-23.7787085045482
-45.6865813551094,-23.7787938191784
-45.6871556560275,-23.7785557041784
-45.6877189722870,-23.7783643706448
-45.6882430186982,-23.7781171638086
-45.6887760580000,-23.7780233540000
-45.6892444240000,-23.7782138470000
-45.6896607490000,-23.7785948310000
-45.6899729930000,-23.7789281910000
-45.6900770739999,-23.7793567950000
-45.6902852370000,-23.7796901550000
-45.6904934000000,-23.7802140009999
-45.6904934000000,-23.7807854669999
-45.6904934000000,-23.7813093120000
-45.6904983759497,-23.7816472028768
-45.6906567255109,-23.7819179010093
-45.6909191621004,-23.7820619764365
-45.6914301319999,-23.7821665029999
-45.6920815332465,-23.7826684544112
-45.6930775146439,-23.7827867963155
-45.6938347823836,-23.7825963103155
-45.6944772571646,-23.7824461474526
-45.6951663490413,-23.7821975034250
-45.6955736821508,-23.7818661802741
-45.6958912816301,-23.7810016884112
-45.6966145635759,-23.7806735994249
-45.6968944040000,-23.7801663790000
-45.6966862400000,-23.7795949080000
-45.6963219550000,-23.7788805690000
-45.6959056310000,-23.7783567160000
-45.6954893050000,-23.7777376150000
-45.6947086950000,-23.7768803929999
-45.6941882880000,-23.7761660369999
-45.6942923700000,-23.7754040529999
-45.6949688989999,-23.7749754349999
-45.6960617530000,-23.7744039419999
-45.6971025669999,-23.7738324470000
-45.6986117460000,-23.7731180750000
-45.6994443970000,-23.7728323219999
-45.7005892920000,-23.7726418239999
-45.7014219430000,-23.7726418239999
-45.7022025529999,-23.7727846989999
-45.7025668369999,-23.7736419469999
-45.7025147969999,-23.7740705689999
-45.7028790809999,-23.7742134439999
-45.7034966951900,-23.7742071203763
-45.7044367399312,-23.7737812579808
-45.7052927265128,-23.7731105976007
-45.7055582993495,-23.7725933935854
-45.7057577797716,-23.7717148541632
-45.7062267483610,-23.7714542929656
-45.7067773657526,-23.7712815063686
-45.7074592645892,-23.7713460413571
-45.7082919145892,-23.7710890491785
-45.7090435183763,-23.7708658749770
-45.7097281273648,-23.7707764855472
-45.7103215015892,-23.7707603839732
-45.7109453870000,-23.7708320560000
-45.7114137540000,-23.7712130620000
-45.7119341609999,-23.7715464400000
-45.7126106890000,-23.7718321940000
-45.7133171265969,-23.7719487254221
-45.7140980393916,-23.7721447496313
-45.7146440013182,-23.7724505494708
-45.7151478337640,-23.7730156939617
-45.7156140942015,-23.7730220205854
-45.7161494560000,-23.7730704489999
-45.7166178219999,-23.7734514489999
-45.7168699460114,-23.7742315097640
-45.7173211265856,-23.7744811864436
-45.7178022115587,-23.7743751861785
-45.7182777541632,-23.7740229459999
-45.7185071421824,-23.7734376469770
-45.7187604723724,-23.7731951515434
-45.7191376036084,-23.7731990629235
-45.7197321820114,-23.7730794245357
-45.7203728299885,-23.7728263437372
-45.7210131751709,-23.7724461461518
-45.7216819269770,-23.7718585365778
-45.7224984190000,-23.7712130620000
-45.7235392320000,-23.7706415530000
-45.7242174270000,-23.7705762520000
-45.7246575920000,-23.7704419770000
-45.7251711190000,-23.7703077020000
-45.7257946860000,-23.7702741319999
-45.7264549360000,-23.7702069950000
-45.7270785030000,-23.7699384439999
-45.7274819890000,-23.7697705990000
-45.7279588350000,-23.7695020479999
-45.7288024850000,-23.7693677710000
-45.7295727750000,-23.7693342020000
-45.7305631479999,-23.7691663560000
-45.7314434799999,-23.7687635249999
-45.7321037290000,-23.7685285420000
-45.7328006570000,-23.7684949719999
-45.7360285390000,-23.7680585710000
-45.7394765040000,-23.7676893070000
-45.7424843030000,-23.7674878899999
-45.7444650479999,-23.7675885990000
-45.7458589060000,-23.7675885990000
-45.7466291960000,-23.7678571540000
-45.7474361669999,-23.7679242930000
-45.7480964140000,-23.7676221679999
-45.7484632200000,-23.7674207510000
-45.7494169120000,-23.7672529019999
-45.7511042140000,-23.7672193339999
-45.7524247100000,-23.7674878899999
-45.7533882311669,-23.7676609197155
-45.7540097960886,-23.7679473151958
-45.7545825296473,-23.7683829755195
-45.7545286656865,-23.7688795471567
-45.7545034370000,-23.7694032740000
-45.7551279250000,-23.7695937789999
-45.7553925603237,-23.7700639834020
-45.7556483320000,-23.7705462989999
-45.7563769019999,-23.7706415530000
-45.7570534310000,-23.7705462989999
-45.7572704586473,-23.7702068644020
-45.7577789369318,-23.7698851031277
-45.7584525120494,-23.7696828132453
-45.7589922359710,-23.7692183331277
-45.7593475471380,-23.7689798718143
-45.7602157709131,-23.7689854339421
-45.7609102455792,-23.7684558126576
-45.7619748098245,-23.7679085130494
-45.7623763554122,-23.7673672720391
-45.7616850510000,-23.7667837989999
-45.7612166850000,-23.7663075249999
-45.7610085219999,-23.7657836210000
-45.7608524000000,-23.7649263220000
-45.7608003590000,-23.7643547850000
-45.7612687260000,-23.7636403600000
-45.7622041330000,-23.7630267929999
-45.7631170690000,-23.7627880690000
-45.7650081510000,-23.7624896620000
-45.7665731840000,-23.7624896620000
-45.7728985290000,-23.7625493429999
-45.7761641210000,-23.7626120330000
-45.7767768489999,-23.7634974750000
-45.7770890930000,-23.7636879880000
-45.7771931739999,-23.7638308740000
-45.7771411329999,-23.7640213860000
-45.7770370520000,-23.7644500410000
-45.7772452139999,-23.7647358099999
-45.7776094989999,-23.7648786939999
-45.7779737840000,-23.7650215770000
-45.7782339880000,-23.7654502280000
-45.7786503130000,-23.7657836210000
-45.7795870440000,-23.7660217599999
-45.7800554110000,-23.7658312500000
-45.7803156149999,-23.7653073449999
-45.7807319400000,-23.7648310659999
-45.7813043880000,-23.7646881790000
-45.7818247950000,-23.7647358099999
-45.7824492829999,-23.7649739500000
-45.7827615269999,-23.7651644610000
-45.7832298929999,-23.7654978560000
-45.7834380539999,-23.7658788770000
-45.7838023379999,-23.7662122700000
-45.7843747869999,-23.7666409170000
-45.7851553980000,-23.7664504070000
-45.7854676420000,-23.7658312500000
-45.7856758050000,-23.7654502280000
-45.7860400900000,-23.7654026000000
-45.7871329439999,-23.7654502280000
-45.7905155879999,-23.7662122700000
-45.7905155879999,-23.7668790520000
-45.7906196690000,-23.7674505799999
-45.7908798729999,-23.7679268479999
-45.7914002799999,-23.7683554900000
-45.7920768079999,-23.7687841300000
-45.7924931340000,-23.7689746359999
-45.7931696630000,-23.7691175149999
-45.7938461909999,-23.7692603940000
-45.7945227200000,-23.7693556460000
-45.7950951679999,-23.7694985259999
-45.7955635339999,-23.7697366570000
-45.7961880220000,-23.7696414050000
-45.7964482259999,-23.7690698890000
-45.7968125110000,-23.7681649830000
-45.7972288359999,-23.7679268479999
-45.7978012830000,-23.7678315950000
-45.7983216890000,-23.7678315950000
-45.7989982180000,-23.7681649830000
-45.7993625039999,-23.7685459969999
-45.7997788279999,-23.7690222630000
-45.8007155609999,-23.7695461530000
-45.8017043350000,-23.7696414050000
-45.8028492280000,-23.7696414050000
-45.8034737180000,-23.7697842840000
-45.8039941219999,-23.7697842840000
-45.8041502469999,-23.7690222630000
-45.8041502469999,-23.7684507439999
-45.8042022870000,-23.7676410879999
-45.8044104500000,-23.7673076959999
-45.8041502469999,-23.7668314260000
-45.8034216770000,-23.7657359949999
-45.8023808629999,-23.7649263220000
-45.8016002529999,-23.7639737590000
-45.8014961720000,-23.7630211890000
-45.8018604560000,-23.7622114989999
-45.8025369840000,-23.7613065450000
-45.8039420830000,-23.7601634370000
-45.8060757499999,-23.7589726890000
-45.8078451350000,-23.7584487550000
-45.8088339079999,-23.7583058640000
-45.8104992089999,-23.7579724509999
-45.8119563480000,-23.7574008850000
-45.8141940980000,-23.7571627309999
-45.8193981660000,-23.7566864220000
-45.8304828289999,-23.7568293140000
-45.8374562819999,-23.7571627309999
-45.8415747569496,-23.7576862682489
-45.8083767693245,-23.7257297493324
-45.8065253390000,-23.7252287109999
-45.7942256040000,-23.7207543169999
-45.7920544280000,-23.7183418979999
-45.7913307020000,-23.7149645129999
-45.7913307020000,-23.7096571920000
-45.7944668460000,-23.6995250329999
-45.7968792650000,-23.6949414379999
-45.7985595879999,-23.6897988730000
-45.7965366829999,-23.6837084180000
-45.7861909489999,-23.6783278390000
-45.7820237999999,-23.6806863629999
-45.7800901660000,-23.6801260340000
-45.7748588489999,-23.6805329499999
-45.7634718479999,-23.6710105010000
-45.7416764499999,-23.6681260870000
-45.7336407239999,-23.6563776400000
-45.7282413280000,-23.6559474589999
-45.7196079110000,-23.6488693030000
-45.7180486430000,-23.6475372350000
-45.7160783200000,-23.6491356409999
-45.7148570329999,-23.6515782150000
-45.7095989169999,-23.6556871089999
-45.7065794210000,-23.6557848689999
-45.7042231400000,-23.6589518040000
-45.6930621819999,-23.6634434210000
-45.6864960359999,-23.6624340979999
-45.6835106690000,-23.6622983999999
-45.6803896030000,-23.6632482900000
-45.6798016090000,-23.6655523900000
-45.6794919129999,-23.6726913660000
-45.6689534459999,-23.6792713120000
-45.6675355959999,-23.6863097430000
-45.6727568599999,-23.6904709240000
-45.6639888839999,-23.7022453410000
-45.6729453280000,-23.7078865129999
-45.6901598979999,-23.7119640679999
-45.6930095669999,-23.7144066410000
-45.6948025050000,-23.7207554779999
-45.6906423309999,-23.7210008420000
-45.6908346590000,-23.7234826769999
-45.6862559539999,-23.7207113850000
-45.6756440050000,-23.7225493629999
-45.6720401290000,-23.7259982360000
-45.6669480579999,-23.7233575320000
-45.6665483510000,-23.7206487740000
-45.6650556669999,-23.7201059800000
-45.6494984500000,-23.7264353560000
-45.6387905920000,-23.7213659110000
-45.6179734920000,-23.7193140680000
-45.6026910550000,-23.7280216320000
-45.5936178379999,-23.7238441969999
-45.5855031390000,-23.7299378650000
-45.5747806649999,-23.7290017519999
-45.5717431180000,-23.7321741179999
-45.5674220999999,-23.7356205519999
-45.5662241940000,-23.7361688390000
-45.5649407239999,-23.7362471659999
-45.5647268119999,-23.7368737770000
-45.5645984650000,-23.7380486659999
-45.5645129000000,-23.7390277310000
-45.5644273359999,-23.7400851140000
-45.5642989890000,-23.7408683550000
-45.5632722120000,-23.7410250020000
-45.5619031770000,-23.7408291930000
-45.5599351889999,-23.7406725449999
-45.5577960710000,-23.7406333829999
-45.5557853010000,-23.7405550590000
-45.5503807610000,-23.7440389060000
-45.5329775279999,-23.7387062110000
-45.5443093279999,-23.7486030709999
-45.5363572570000,-23.7547415989999
-45.5341757699999,-23.7555514990000
-45.5330324470000,-23.7554767530000
-45.5318891240000,-23.7551777660000
-45.5306641349999,-23.7548040320000
-45.5298474759999,-23.7542808009999
-45.5291941490000,-23.7531595870000
-45.5287858189999,-23.7518888659999
-45.5282958230000,-23.7509171290000
-45.5278874940000,-23.7503191339999
-45.5274791639999,-23.7496463859999
-45.5269891689999,-23.7491978849999
-45.5266625049999,-23.7487493830000
-45.5264175070000,-23.7481513779999
-45.5260908430000,-23.7473291159999
-45.5254375160000,-23.7465068499999
-45.5242125270000,-23.7456098250000
-45.5232325360000,-23.7451613109999
-45.5220892130000,-23.7447127949999
-45.5211092220000,-23.7443390299999
-45.5203742280000,-23.7438905110000
-45.5198842330000,-23.7432924839999
-45.5196392349999,-23.7424701909999
-45.5191492389999,-23.7417226479999
-45.5185775780000,-23.7413488750000
-45.5181692479999,-23.7407508360000
-45.5178425839999,-23.7402275499999
-45.5175159210000,-23.7397042609999
-45.5170259250000,-23.7392557260000
-45.5163725980000,-23.7388819459999
-45.5153109409999,-23.7376110850000
-45.5156376039999,-23.7368635139999
-45.5157192700000,-23.7363402120000
-45.5148209449999,-23.7359664240000
-45.5139226200000,-23.7356673920000
-45.5131876259999,-23.7353683599999
-45.5122076350000,-23.7347702929999
-45.5113909760000,-23.7343217410000
-45.5105743170000,-23.7337984289999
-45.5101659869999,-23.7331255960000
-45.5099209890000,-23.7324527590000
-45.5096759909999,-23.7317051580000
-45.5092676620000,-23.7309575539999
-45.5088593320000,-23.7301351830000
-45.5076343429999,-23.7293128080000
-45.5062460220000,-23.7286399520000
-45.5049393670000,-23.7283409029999
-45.5039593760000,-23.7281166160000
-45.5029793849999,-23.7277428039999
-45.5024893889999,-23.7272194660000
-45.5016727299999,-23.7266961249999
-45.5009377370000,-23.7263970719999
-45.4996310820000,-23.7263970719999
-45.4985694250000,-23.7263970719999
-45.4978344309999,-23.7262475450000
-45.4970994380000,-23.7259484909999
-45.4966094420000,-23.7254251450000
-45.4962011130000,-23.7250513250000
-45.4956294510000,-23.7246775039999
-45.4952424770000,-23.7243738430000
-45.4899015910000,-23.7242908290000
-45.4834389750000,-23.7241903789999
-45.4858333399999,-23.7336035490000
-45.4783966040000,-23.7363928440000
-45.4732668490000,-23.7531421300000
-45.4721779700000,-23.7524444809999
-45.4695646609999,-23.7515474980000
-45.4679313420000,-23.7509495049999
-45.4666246870000,-23.7503515100000
-45.4658624720000,-23.7495541790000
-45.4652091440000,-23.7484578409999
-45.4646647050000,-23.7476604980000
-45.4635758260000,-23.7470624880000
-45.4629224980000,-23.7466638129999
-45.4620513949999,-23.7461654670000
-45.4610714039999,-23.7456671200000
-45.4602003009999,-23.7450691010000
-45.4599825249999,-23.7442717370000
-45.4595469729999,-23.7437733820000
-45.4597919710000,-23.7419543720000
-45.4595469729999,-23.7411320710000
-45.4595469729999,-23.7397117209999
-45.4597919710000,-23.7385156249999
-45.4597919710000,-23.7374690320000
-45.4597919710000,-23.7364224299999
-45.4595469729999,-23.7355253360000
-45.4591386430000,-23.7339554079999
-45.4585669820000,-23.7323107000000
-45.4588119800000,-23.7313388169999
-45.4593836409999,-23.7301426440000
-45.4598736369999,-23.7288716980000
-45.4602819660000,-23.7278250279999
-45.4602819660000,-23.7269278749999
-45.4594653070000,-23.7260307160000
-45.4588119800000,-23.7252083139999
-45.4584036500000,-23.7244606720000
-45.4576686569999,-23.7237877909999
-45.4571786609999,-23.7229653749999
-45.4561986699999,-23.7219934230000
-45.4554636770000,-23.7214700609999
-45.4548103490000,-23.7210962299999
-45.4544617750000,-23.7208409300000
-45.4539936899999,-23.7204980980000
-45.4534220280000,-23.7196756619999
-45.4534220280000,-23.7192270579999
-45.4524420370000,-23.7186289169999
-45.4512987140000,-23.7186289169999
-45.4499920590000,-23.7185541499999
-45.4493387319999,-23.7183672300000
-45.4489304020000,-23.7174326280000
-45.4484404070000,-23.7170587849999
-45.4477054129999,-23.7166101719999
-45.4473787489999,-23.7160867890000
-45.4476237470000,-23.7154886339999
-45.4477054129999,-23.7136193809999
-45.4479504110000,-23.7124978169999
-45.4475420809999,-23.7118996450000
-45.4468070880000,-23.7114510150000
-45.4463987579999,-23.7107780659999
-45.4467254220000,-23.7099555689999
-45.4468070880000,-23.7091330659999
-45.4463170920000,-23.7083105579999
-45.4455004329999,-23.7077871420000
-45.4445204419999,-23.7070393999999
-45.4437854490000,-23.7066655269999
-45.4428871229999,-23.7063664280000
-45.4413354709999,-23.7058430040000
-45.4406821429999,-23.7056186780000
-45.4397838180000,-23.7052448020000
-45.4389671590000,-23.7049456999999
-45.4380688329999,-23.7044970450000
-45.4370071760000,-23.7041979410000
-45.4358638529999,-23.7041231649999
-45.4350471939999,-23.7040483890000
-45.4342305350000,-23.7044222690000
-45.4336588730000,-23.7045718209999
-45.4319268639999,-23.7045605150000
-45.4317011820000,-23.7046251670000
-45.4314954260000,-23.7047382030000
-45.4309023840000,-23.7056803230000
-45.4303889960000,-23.7074561310000
-45.4299896940000,-23.7089707709999
-45.4297615220000,-23.7093886000000
-45.4291910900000,-23.7094408280000
-45.4287347450000,-23.7093886000000
-45.4283354430000,-23.7090752280000
-45.4280502280000,-23.7087096270000
-45.4273956900000,-23.7081747579999
