-48.6267529309999,-27.3245286300000
-48.5968557469999,-27.3132164770000
-48.5943846460000,-27.3141044800000
-48.5938050140000,-27.3146680079999
-48.5927531660000,-27.3162935920000
-48.5917491279999,-27.3174888750000
-48.5903147889999,-27.3186363469999
-48.5891673170000,-27.3191622710000
-48.5870636189999,-27.3196881960000
-48.5860595810000,-27.3195925730000
-48.5850555440000,-27.3195925730000
-48.5846149879999,-27.3194352319999
-48.5845048480000,-27.3194352319999
-48.5838354889999,-27.3191961759999
-48.5836920560000,-27.3185268170000
-48.5835008099999,-27.3177618359999
-48.5834529990000,-27.3170446659999
-48.5832617540000,-27.3160884399999
-48.5829270739999,-27.3152278360000
-48.5817317920000,-27.3143194219999
-48.5810624329999,-27.3135544400000
-48.5804886970000,-27.3131719499999
-48.5796443240000,-27.3122853580000
-48.5783141480000,-27.3122774420000
-48.5779177509999,-27.3124406649999
-48.5775013560000,-27.3126121210000
-48.5767363749999,-27.3136161589999
-48.5762104510000,-27.3142855170000
-48.5751586019999,-27.3146680079999
-48.5745848660000,-27.3146201960000
-48.5740111300000,-27.3144767630000
-48.5734373940000,-27.3145245740000
-48.5728158470000,-27.3147158190000
-48.5722421110000,-27.3146680079999
-48.5721634399999,-27.3145500020000
-48.5716914150000,-27.3145106670000
-48.5713089250000,-27.3139369309999
-48.5710220570000,-27.3134110069999
-48.5707830000000,-27.3129328930000
-48.5703048869999,-27.3123113460000
-48.5697311520000,-27.3115941770000
-48.5691096039999,-27.3110204410000
-48.5687271140000,-27.3105423280000
-48.5685358690000,-27.3098729689999
-48.5684402460000,-27.3091557989999
-48.5682968120000,-27.3086776860000
-48.5682180900000,-27.3086102100000
-48.5676044140000,-27.3087394050000
-48.5672697350000,-27.3093131400000
-48.5667916220000,-27.3100781219999
-48.5663613200000,-27.3100781219999
-48.5661646440000,-27.3099207810000
-48.5658106240000,-27.3099207810000
-48.5653325109999,-27.3095382899999
-48.5651412649999,-27.3088689319999
-48.5646631520000,-27.3081995729999
-48.5645678590000,-27.3081555919999
-48.5644966780000,-27.3084047259999
-48.5644966780000,-27.3096956310000
-48.5644966780000,-27.3107474800000
-48.5643054330000,-27.3121340080000
-48.5640663770000,-27.3128511780000
-48.5636360750000,-27.3138074039999
-48.5631101499999,-27.3145723850000
-48.5623451689999,-27.3151461210000
-48.5616280000000,-27.3155286109999
-48.5611498860000,-27.3155286109999
-48.5604327170000,-27.3155286109999
-48.5597155470000,-27.3153373660000
-48.5591648510000,-27.3151800249999
-48.5587345490000,-27.3146541010000
-48.5586867379999,-27.3141759879999
-48.5586867379999,-27.3136022519999
-48.5587345490000,-27.3130285160000
-48.5583998699999,-27.3125982139999
-48.5581626269999,-27.3124598219999
-48.5578509060000,-27.3125164990000
-48.5574206040000,-27.3134727250000
-48.5571337360000,-27.3139030270000
-48.5565599999999,-27.3142855170000
-48.5560818870000,-27.3140942720000
-48.5557278649999,-27.3140156009999
-48.5552212830000,-27.3139030270000
-48.5544084910000,-27.3137117809999
-48.5535000760000,-27.3134727250000
-48.5529493800000,-27.3133153840000
-48.5521843989999,-27.3127416480000
-48.5521843989999,-27.3117854220000
-48.5523756439999,-27.3110682520000
-48.5527103230000,-27.3107335729999
-48.5529015690000,-27.3101598369999
-48.5532362480000,-27.3097295350000
-48.5531406250000,-27.3084386300000
-48.5525668900000,-27.3072911579999
-48.5523756439999,-27.3064305549999
-48.5521365879999,-27.3056655740000
-48.5520409649999,-27.3049005920000
-48.5522800219999,-27.3044702910000
-48.5522800219999,-27.3037531209999
-48.5521365879999,-27.3031315740000
-48.5518665079999,-27.3030521389999
-48.5508704540000,-27.3033367259999
-48.5502010949999,-27.3036235939999
-48.5498664160000,-27.3044363860000
-48.5495317370000,-27.3053926129999
-48.5490058120000,-27.3062532159999
-48.5479539639999,-27.3063488389999
-48.5478390700000,-27.3061518790000
-48.5474032680000,-27.3061914980000
-48.5470685879999,-27.3056177619999
-48.5467817200000,-27.3049005920000
-48.5463514190000,-27.3038009320000
-48.5459211170000,-27.3034184419999
-48.5457298720000,-27.3028925169999
-48.5453473810000,-27.3023187809999
-48.5443911550000,-27.3019841019999
-48.5435783620000,-27.3005497629999
-48.5435305509999,-27.2994501030000
-48.5433871170000,-27.2984938760000
-48.5428611930000,-27.2977288950000
-48.5423634720000,-27.2969248859999
-48.5421687940000,-27.2978862360000
-48.5417384930000,-27.2985077830000
-48.5410213230000,-27.2985555950000
-48.5405665080000,-27.2983918620000
-48.5397301579999,-27.2981316849999
-48.5391088699999,-27.2981731039999
-48.5383917010000,-27.2983165380000
-48.5383917010000,-27.2992249530000
-48.5387741909999,-27.3001811790000
-48.5393001159999,-27.3010895940000
-48.5394435489999,-27.3016155190000
-48.5392523040000,-27.3029542360000
-48.5386307570000,-27.3039104620000
-48.5377223420000,-27.3050579330000
-48.5373876630000,-27.3061575939999
-48.5377223420000,-27.3073528770000
-48.5382960780000,-27.3088828390000
-48.5383917010000,-27.3105084229999
-48.5386307570000,-27.3120383849999
-48.5386307570000,-27.3135683480000
-48.5385829459999,-27.3151461210000
-48.5384873230000,-27.3163414040000
-48.5382960780000,-27.3190188369999
-48.5381526439999,-27.3207400450000
-48.5378657759999,-27.3217918940000
-48.5375310969999,-27.3226046860000
-48.5371007949999,-27.3237521580000
-48.5367183050000,-27.3248040070000
-48.5363358140000,-27.3259036670000
-48.5360489460000,-27.3268120819999
-48.5355708329999,-27.3276726850000
-48.5349014750000,-27.3284376660000
-48.5345189839999,-27.3288679679999
-48.5339452480000,-27.3298720060000
-48.5333715119999,-27.3308282320000
-48.5329890220000,-27.3316888359999
-48.5321762300000,-27.3323103829999
-48.5315546830000,-27.3329797410000
-48.5308853239999,-27.3334100430000
-48.5301681539999,-27.3339837789999
-48.5291641169999,-27.3338881559999
-48.5282557020000,-27.3336490999999
-48.5277050060000,-27.3334917590000
-48.5271312700000,-27.3331092680000
-48.5266531570000,-27.3325355319999
-48.5261664929999,-27.3320488690000
-48.5259129469999,-27.3320235149999
-48.5251479659999,-27.3324538169999
-48.5241917400000,-27.3325016279999
-48.5235223819999,-27.3326450620000
-48.5233789480000,-27.3336012880000
-48.5238570609999,-27.3339837789999
-48.5243829849999,-27.3341750239999
-48.5251479659999,-27.3344618920000
-48.5256260790000,-27.3348443830000
-48.5260085699999,-27.3359918539999
-48.5260563810000,-27.3368046469999
-48.5257695130000,-27.3374740050000
-48.5257217019999,-27.3383346089999
-48.5256738909999,-27.3391474009999
-48.5263910610000,-27.3396733249999
-48.5269647960000,-27.3400558160000
-48.5278254000000,-27.3407251739999
-48.5278254000000,-27.3413467209999
-48.5276819659999,-27.3419204570000
-48.5274907209999,-27.3424463820000
-48.5270604189999,-27.3432591740000
-48.5265344940000,-27.3434504190000
-48.5262476270000,-27.3440241550000
-48.5263432490000,-27.3444544569999
-48.5271082300000,-27.3448847589999
-48.5277775890000,-27.3455541170000
-48.5283991359999,-27.3464147210000
-48.5286751409999,-27.3465132939999
-48.5298565150000,-27.3466398699999
-48.5299984449999,-27.3467534150000
-48.5304072110000,-27.3467972110000
-48.5313634370000,-27.3475621919999
-48.5320327959999,-27.3485662300000
-48.5330368330000,-27.3489965320000
-48.5337540030000,-27.3492355879999
-48.5343755500000,-27.3499049470000
-48.5344233609999,-27.3510524179999
-48.5341364939999,-27.3521520789999
-48.5337061919999,-27.3526301920000
-48.5329890220000,-27.3534907949999
-48.5329412110000,-27.3543513989999
-48.5329412110000,-27.3546860779999
-48.5333715119999,-27.3557379270000
-48.5337169169999,-27.3558674539999
-48.5345420240000,-27.3558674539999
-48.5347780350000,-27.3560247949999
-48.5350927200000,-27.3560247949999
-48.5358098899999,-27.3565029079999
-48.5365748710000,-27.3581284930000
-48.5363358140000,-27.3592281529999
-48.5358577009999,-27.3605668699999
-48.5354273990000,-27.3618099639999
-48.5348536630000,-27.3631008700000
-48.5342799270000,-27.3646786430000
-48.5335149460000,-27.3663998499999
-48.5327499649999,-27.3673560770000
-48.5325109090000,-27.3685991710000
-48.5323674749999,-27.3696510199999
-48.5321762300000,-27.3702725670000
-48.5317459280000,-27.3714678499999
-48.5313634370000,-27.3722328310000
-48.5310287579999,-27.3730456229999
-48.5305984559999,-27.3739062270000
-48.5302159660000,-27.3748146419999
-48.5296900410000,-27.3754840000000
-48.5292119279999,-27.3758664909999
-48.5283035130000,-27.3757708680000
-48.5281087100000,-27.3756509899999
-48.5277528170000,-27.3756135269999
-48.5271312700000,-27.3752310369999
-48.5266305120000,-27.3749938359999
-48.5261998149999,-27.3751015099999
-48.5255304570000,-27.3754361890000
-48.5255304570000,-27.3767270940000
-48.5258651360000,-27.3776355090000
-48.5264866830000,-27.3785917360000
-48.5270604189999,-27.3794523390000
-48.5274183390000,-27.3799404129999
-48.5278006280000,-27.3798687339999
-48.5288524770000,-27.3792471869999
-48.5293784019999,-27.3792471869999
-48.5295200089999,-27.3794045280000
-48.5299290980000,-27.3794045280000
-48.5303593999999,-27.3798826409999
-48.5309331350000,-27.3803607540000
-48.5314590600000,-27.3805041879999
-48.5319371729999,-27.3807910560000
-48.5321284179999,-27.3816038489999
-48.5321762300000,-27.3822732069999
-48.5325587199999,-27.3828469430000
-48.5331802670000,-27.3834206790000
-48.5337061919999,-27.3838031690000
-48.5339452480000,-27.3842334710000
-48.5353795880000,-27.3848072069999
-48.5359055119999,-27.3842334710000
-48.5357142670000,-27.3832294329999
-48.5355230220000,-27.3824644520000
-48.5351405309999,-27.3820819620000
-48.5344233609999,-27.3816038489999
-48.5338018139999,-27.3809344899999
-48.5339930599999,-27.3802173199999
-48.5348536630000,-27.3796435850000
-48.5354752099999,-27.3792610939999
-48.5366226820000,-27.3792132830000
-48.5371007949999,-27.3786395469999
-48.5372442289999,-27.3778267549999
-48.5373876630000,-27.3769661509999
-48.5376745309999,-27.3761533589999
-48.5380570210000,-27.3749580759999
-48.5385351340000,-27.3743365290000
-48.5393001159999,-27.3740974720000
-48.5405432099999,-27.3740974720000
-48.5417863039999,-27.3740974720000
-48.5427425299999,-27.3734281139999
-48.5435075110000,-27.3727109439999
-48.5440334360000,-27.3716590950000
-48.5438900019999,-27.3703203779999
-48.5436031340000,-27.3696510199999
-48.5425034739999,-27.3689338500000
-48.5425034739999,-27.3681688689999
-48.5428381529999,-27.3673560770000
-48.5443681150000,-27.3664954729999
-48.5455633980000,-27.3660173600000
-48.5468543030000,-27.3653958130000
-48.5479539639999,-27.3651567560000
-48.5491014350000,-27.3651567560000
-48.5506792080000,-27.3653958130000
-48.5521613590000,-27.3654914350000
-48.5538347549999,-27.3659695489999
-48.5552212830000,-27.3665432839999
-48.5565121890000,-27.3670692090000
-48.5571815470000,-27.3678341899999
-48.5580421509999,-27.3696032089999
-48.5579943399999,-27.3704638120000
-48.5575162270000,-27.3711809819999
-48.5563904070837,-27.3718730714659
-48.5558007975184,-27.3724521614223
-48.5558747684346,-27.3732269560415
-48.5561607893106,-27.3740822542547
-48.5562731320000,-27.3753883780000
-48.5571337360000,-27.3763446039999
-48.5582333959999,-27.3770617740000
-48.5590940000000,-27.3776355090000
-48.5601996377125,-27.3789998393678
-48.5609586410000,-27.3803129430000
-48.5611259452118,-27.3811959646124
-48.5615854618571,-27.3821677048047
-48.5619144464190,-27.3829895348380
-48.5622381204393,-27.3834541218547
-48.5626798489999,-27.3847115840000
-48.5629189050000,-27.3858112439999
-48.5625757234483,-27.3863287239564
-48.5620814185188,-27.3867419191253
-48.5618899594204,-27.3873046321119
-48.5620781267695,-27.3882212065727
-48.5627889642039,-27.3887121954243
-48.5627388971118,-27.3893063387116
-48.5627266778233,-27.3900037516240
-48.5631694132101,-27.3905208041860
-48.5630740053086,-27.3912690370673
-48.5631134417493,-27.3919245095013
-48.5636838860000,-27.3920267150000
-48.5641141879999,-27.3932219979999
-48.5640463361321,-27.3943183672506
-48.5637933945660,-27.3952974956711
-48.5640086315089,-27.3964228731271
-48.5637745412544,-27.3978385843017
-48.5635882630000,-27.3992462240000
-48.5632057729999,-27.4002024500000
-48.5628232820000,-27.4009674309999
-48.5623718693018,-27.4019770576035
-48.5616919549526,-27.4029972395562
-48.5609536742544,-27.4034592086035
-48.5602892830000,-27.4036448650000
-48.5596199240000,-27.4033579969999
-48.5591418109999,-27.4025452049999
-48.5588549430000,-27.4018280349999
-48.5583290190000,-27.4013977329999
-48.5578030939999,-27.4016367899999
-48.5574684149999,-27.4024495820000
-48.5574684149999,-27.4033101860000
-48.5579943399999,-27.4039795439999
-48.5586636980000,-27.4043620340000
-48.5592756890291,-27.4046723822228
-48.5595182306103,-27.4055886028666
-48.5604649421624,-27.4058194703422
-48.5608706047883,-27.4058068839262
-48.5609586410000,-27.4054616949999
-48.5613854734916,-27.4048888416999
-48.5623399501645,-27.4048279901478
-48.5633970179999,-27.4052704489999
-48.5641141879999,-27.4055573169999
-48.5649417558062,-27.4071167994669
-48.5657145585230,-27.4076957543022
-48.5667455452541,-27.4077653263438
-48.5673175460000,-27.4084738079999
-48.5674885933154,-27.4096782337382
-48.5674703058388,-27.4105937001678
-48.5672219229999,-27.4116771659999
-48.5668872440000,-27.4127290149999
-48.5666003760000,-27.4134461839999
-48.5660744520000,-27.4142589769999
-48.5652138480000,-27.4145458450000
-48.5644488669999,-27.4145936559999
-48.5640663770000,-27.4142589769999
-48.5633013960000,-27.4138286750000
-48.5626320370000,-27.4135896180000
-48.5618670560000,-27.4135896180000
-48.5611498860000,-27.4144024110000
-48.5611498860000,-27.4147849009999
-48.5614367539999,-27.4154542599999
-48.5618443464344,-27.4166660968015
-48.5626770188178,-27.4176317891258
-48.5633597117580,-27.4182144756030
-48.5633733606998,-27.4188687143402
-48.5636995221100,-27.4193960824744
-48.5646003522332,-27.4200569228846
-48.5652616599999,-27.4205700700000
-48.5654543341126,-27.4213795514397
-48.5654282989652,-27.4223779010320
-48.5661099534717,-27.4232228839436
-48.5667012060294,-27.4235017007103
-48.5672706827346,-27.4231452588794
-48.5678382639705,-27.4230378077292
-48.5684347235577,-27.4234785087667
-48.5688801792896,-27.4240976789194
-48.5697166295897,-27.4250273883938
-48.5703080963456,-27.4260404371956
-48.5702651455605,-27.4266985593415
-48.5702728258641,-27.4268662070627
-48.5703774700000,-27.4274070879999
-48.5709033950000,-27.4279808239999
-48.5721943000000,-27.4279330130000
-48.5731027150000,-27.4273592769999
-48.5738198850000,-27.4271680319999
-48.5748717340000,-27.4273592769999
-48.5749699283269,-27.4280572567824
-48.5751141177734,-27.4294354649397
-48.5755421138359,-27.4294955980796
-48.5760161367460,-27.4293131802308
-48.5765053215945,-27.4294019337051
-48.5772216791355,-27.4298238957016
-48.5775396210000,-27.4300639630000
-48.5775396210000,-27.4310201890000
-48.5776830550000,-27.4318329819999
-48.5782345518064,-27.4317573710080
-48.5787999481089,-27.4315333209316
-48.5790801202223,-27.4319547438505
-48.5791234921817,-27.4326235501368
-48.5790695829999,-27.4331238870000
-48.5791173940000,-27.4338888679999
-48.5800258089999,-27.4342713590000
-48.5811732809999,-27.4337932459999
-48.5817948279999,-27.4332195100000
-48.5823647039596,-27.4327658472867
-48.5825750302834,-27.4325205624232
-48.5829508499256,-27.4324414114952
-48.5834393833105,-27.4327140214021
-48.5848701928680,-27.4320683801062
-48.5854930096791,-27.4324504552854
-48.5870062609999,-27.4324545290000
-48.5878668650000,-27.4324545290000
-48.5887752799999,-27.4322154719999
-48.5893012040000,-27.4317851699999
-48.5900183739999,-27.4311636229999
-48.5908311670000,-27.4311158120000
-48.5920264490000,-27.4306376989999
-48.5922176949999,-27.4299205289999
-48.5922655059999,-27.4290121139999
-48.5927914299999,-27.4285340010000
-48.5936520339999,-27.4287252460000
-48.5945604489999,-27.4284861899999
-48.5946560719999,-27.4273865300000
-48.5943692040000,-27.4265259259999
-48.5944170150000,-27.4260000010000
-48.5953254299999,-27.4254740769999
-48.5962338449999,-27.4252828319999
-48.5972378830000,-27.4251872089999
-48.5992459580000,-27.4243266050000
-48.6006517300000,-27.4238387020000
-48.6009545460000,-27.4229323009999
-48.6010822060000,-27.4216858270000
-48.6012098670000,-27.4204393400000
-48.6015928470000,-27.4196461129999
-48.6018481669999,-27.4188528810000
-48.6024864679999,-27.4181729630000
-48.6026141280000,-27.4169264349999
-48.6032524290000,-27.4155665720000
-48.6038907299999,-27.4144333390000
-48.6044013700000,-27.4133000949999
-48.6038907299999,-27.4113735529999
-48.6026141280000,-27.4088803310000
-48.6022311479999,-27.4075203680000
-48.6014651870000,-27.4062737200000
-48.6005715660000,-27.4048003920000
-48.5999332650000,-27.4033270440000
-48.5990396440000,-27.4016270020000
-48.5983728360000,-27.4006206040000
-48.5992744460000,-27.3989302060000
-48.6015401980000,-27.3970216520000
-48.6039433640000,-27.3970216520000
-48.6062200479999,-27.3970216520000
-48.6081172840000,-27.3966847630000
-48.6098880379999,-27.3962355769999
-48.6112793439999,-27.3958986860000
-48.6126706509999,-27.3958986860000
-48.6143149219999,-27.3963478730000
-48.6164651229999,-27.3970216520000
-48.6184888409999,-27.3971339480000
-48.6212714550000,-27.3965724669999
-48.6238011029999,-27.3961232800000
-48.6267101979999,-27.3952249000000
-48.6312070279999,-27.3945298829999
-48.6314122110000,-27.3918852120000
-48.6316399260000,-27.3885491309999
-48.6310706380000,-27.3818766660000
-48.6306152079999,-27.3784391790000
-48.6309027039999,-27.3775031020000
-48.6312983529999,-27.3762148660000
-48.6322092130000,-27.3742938320000
-48.6332339300000,-27.3713616629999
-48.6339170749999,-27.3692383199999
-48.6340309330000,-27.3666093629999
-48.6338032180000,-27.3635758729999
-48.6335755030000,-27.3610479009999
-48.6331200730000,-27.3580142589999
-48.6322092130000,-27.3557895349999
-48.6322092130000,-27.3527557480000
-48.6329213759999,-27.3488022870000
-48.6331200730000,-27.3476992530000
-48.6328923579999,-27.3457777239999
-48.6320953560000,-27.3440584339999
-48.6293627759999,-27.3430470739999
-48.6273133409999,-27.3404174940000
-48.6269717690000,-27.3392038219999
-48.6269717690000,-27.3367764360000
-48.6267529309999,-27.3245286300000
