-48.7386680609999,-27.7984332590000
-48.7349818460000,-27.7863038429999
-48.7321259569999,-27.7884884620000
-48.7269581830000,-27.7840677500000
-48.7159560069999,-27.7745637080000
-48.7133654419999,-27.7758042270000
-48.7072238869999,-27.7743280019999
-48.6754977660000,-27.7580238400000
-48.6816845210000,-27.7587059649999
-48.6856723850000,-27.7551699059999
-48.6906868949999,-27.7490338840000
-48.6905504940000,-27.7477060180000
-48.6906868949999,-27.7462574180000
-48.6913689010000,-27.7445673600000
-48.6919145049999,-27.7433601600000
-48.6925965110000,-27.7422736679999
-48.6932785170000,-27.7411871660000
-48.6939605229999,-27.7398592040000
-48.6946425280000,-27.7385312250000
-48.6949153309999,-27.7369617759999
-48.6951881329999,-27.7356337620000
-48.6954609350000,-27.7341850010000
-48.6958701390000,-27.7330984179999
-48.6960065400000,-27.7315288899999
-48.6958701390000,-27.7302008110000
-48.6961429409999,-27.7291141880000
-48.6968249470000,-27.7281482920000
-48.6969613479999,-27.7268201709999
-48.6976433529999,-27.7257335140000
-48.6980525570000,-27.7241638799999
-48.6988709640000,-27.7233186829999
-48.7003713760000,-27.7224734800000
-48.7005077770000,-27.7213867799999
-48.7005077770000,-27.7201793230000
-48.7000985740000,-27.7187303570000
-48.6999621730000,-27.7178851180000
-48.7003713760000,-27.7171606219999
-48.7014625849999,-27.7164361210000
-48.7026104322127,-27.7158413076606
-48.7033806490893,-27.7151537235029
-48.7033924932120,-27.7147812838832
-48.7030643974974,-27.7133869908090
-48.7030147651795,-27.7130583040545
-48.7028958921382,-27.7123147528816
-48.7024354695332,-27.7120345119811
-48.7019467939042,-27.7117036610616
-48.7017601471615,-27.7112595794039
-48.7022320513666,-27.7109128665862
-48.7026018991261,-27.7107680543651
-48.7025207762375,-27.7104327124359
-48.7025354407038,-27.7099790962689
-48.7024035056194,-27.7093888491639
-48.7023056114995,-27.7087392207696
-48.7021817430000,-27.7079007220000
-48.7019389220000,-27.7070945560000
-48.7017953893879,-27.7056172441571
-48.7023270312717,-27.7052775635010
-48.7027045794320,-27.7049546714736
-48.7028289245523,-27.7041371961189
-48.7028482097662,-27.7031027069388
-48.7029888979999,-27.7023636050000
-48.7031695795956,-27.7017857505312
-48.7035458025439,-27.7009017032956
-48.7040240849669,-27.7001767585323
-48.7042075750400,-27.6997450500516
-48.7046012952090,-27.6996095654166
-48.7051135820000,-27.6996762279999
-48.7058153897388,-27.6996495587785
-48.7063883929999,-27.6994074859999
-48.7063883929999,-27.6990312469999
-48.7062669819999,-27.6987625039999
-48.7060241610000,-27.6983862630000
-48.7057206350000,-27.6979562710000
-48.7055310966015,-27.6975787664078
-48.7056184568626,-27.6971216906292
-48.7058405732046,-27.6966650418583
-48.7061188713678,-27.6961679233467
-48.7065023387206,-27.6957499968554
-48.7069553608959,-27.6953466316661
-48.7075343740917,-27.6949316862872
-48.7081621666503,-27.6945025228519
-48.7088698925816,-27.6940583421665
-48.7092474033511,-27.6936670494661
-48.7096382871221,-27.6933845408081
-48.7101932515615,-27.6930482675044
-48.7106775125086,-27.6928989684096
-48.7113363850912,-27.6926348601372
-48.7119939753443,-27.6922743716222
-48.7125603200016,-27.6918351332129
-48.7132586826340,-27.6915080228494
-48.7136317483557,-27.6912669975759
-48.7140750805723,-27.6908771827456
-48.7144236127564,-27.6905303357843
-48.7147452777781,-27.6903865924001
-48.7151095301236,-27.6903588113140
-48.7156153446040,-27.6905705786308
-48.7163426509333,-27.6908035857519
-48.7169492370233,-27.6908851038287
-48.7176942580097,-27.6908581377375
-48.7182643214742,-27.6908535391858
-48.7192220923420,-27.6903675203442
-48.7198662016384,-27.6901530594144
-48.7204593189635,-27.6899674993855
-48.7208158304600,-27.6898546507925
-48.7215447443609,-27.6896192702802
-48.7221517973609,-27.6894580102802
-48.7231027031759,-27.6892226084224
-48.7226388860000,-27.6854726800000
-48.7200771509999,-27.6794708060000
-48.7308598800000,-27.6789727980000
-48.7329467460000,-27.6724069660000
-48.7358097020000,-27.6711402989999
-48.7388288540000,-27.6697161709999
-48.7395694010000,-27.6674375659999
-48.7388288540000,-27.6621398089999
-48.7378604469999,-27.6605447859999
-48.7370170670000,-27.6596006590000
-48.7416414600000,-27.6425748070000
-48.7427300329999,-27.6404939679999
-48.7416005950000,-27.6403827960000
-48.7399691859999,-27.6399381099999
-48.7392162280000,-27.6390487319999
-48.7392162280000,-27.6373811280000
-48.7398436930000,-27.6368252550000
-48.7403456649999,-27.6361582030000
-48.7405966510000,-27.6348240870000
-48.7409731300000,-27.6337123110000
-48.7414751020000,-27.6326005239999
-48.7419770740000,-27.6320446260000
-48.7424790460000,-27.6301545530000
-48.7424790460000,-27.6291539130000
-48.7421025670000,-27.6280420790000
-48.7417260880000,-27.6270414200000
-48.7412241160000,-27.6260407509999
-48.7409731300000,-27.6251512599999
-48.7408476369999,-27.6240393859999
-48.7409731300000,-27.6228163110000
-48.7410986230000,-27.6215932229999
-48.7410986230000,-27.6203701210000
-48.7410986230000,-27.6190358130000
-48.7409580529275,-27.6187023246407
-48.7399308980000,-27.6160259780000
-48.7255008719999,-27.6141689949999
-48.7184986789999,-27.6174936130000
-48.7130975410000,-27.6184388120000
-48.7079664600000,-27.6185738409999
-48.7037805780000,-27.6176286410000
-48.7002698379999,-27.6157382430000
-48.6893296720000,-27.6126397369999
-48.6876845670000,-27.6133843179999
-48.6866254340000,-27.6139205979999
-48.6858689100000,-27.6140546679999
-48.6845071669999,-27.6140546679999
-48.6832967299999,-27.6141887369999
-48.6819349870000,-27.6143228070000
-48.6802706349999,-27.6147250139999
-48.6793628070000,-27.6151272189999
-48.6787575879999,-27.6153953560000
-48.6776984539999,-27.6159316260000
-48.6766393210000,-27.6163338269999
-48.6751262740000,-27.6164678940000
-48.6737645310000,-27.6167360269999
-48.6722514840000,-27.6167360269999
-48.6710410460000,-27.6168700929999
-48.6699819130000,-27.6168700929999
-48.6666269590000,-27.6070464300000
-48.6661672650000,-27.6073056570000
-48.6649477760000,-27.6076658709999
-48.6634234150000,-27.6082061889999
-48.6627120470000,-27.6091967660000
-48.6620006780000,-27.6100972830000
-48.6609844380000,-27.6114480439999
-48.6600698210000,-27.6127987890000
-48.6593584530000,-27.6140594690000
-48.6587487080000,-27.6152300880000
-48.6583381760000,-27.6159576150000
-48.6579357159999,-27.6166708310000
-48.6572243470000,-27.6180215119999
-48.6565129790000,-27.6189219560000
-48.6559032339999,-27.6199124359999
-48.6551918659999,-27.6211730340000
-48.6540740010000,-27.6222535350000
-48.6526512640000,-27.6229738630000
-48.6505171589999,-27.6241443869999
-48.6490944220000,-27.6245945840000
-48.6481798060000,-27.6248647020000
-48.6470619409999,-27.6254049359999
-48.6459440760000,-27.6259451669999
-48.6449278360000,-27.6265754330000
-48.6443180909999,-27.6273857699999
-48.6435050990000,-27.6282861370000
-48.6434034750000,-27.6289163900000
-48.6428953540000,-27.6306270570000
-48.6424888580000,-27.6313473300000
-48.6424888580000,-27.6331479920000
-48.6423872340000,-27.6344984689999
-48.6414726179999,-27.6353087470000
-48.6405580009999,-27.6354888079999
-48.6398466329999,-27.6361190199999
-48.6394401359999,-27.6367492269999
-48.6396219789999,-27.6375321819999
-48.6417203474064,-27.6374186368055
-48.6428870333141,-27.6371303241414
-48.6441064640574,-27.6371690588585
-48.6448363107433,-27.6373223609056
-48.6460697072407,-27.6377972135914
-48.6472633882302,-27.6384734876018
-48.6491620373559,-27.6398315986070
-48.6507169864921,-27.6409551205548
-48.6534886381727,-27.6433766330574
-48.6548717353141,-27.6450848832406
-48.6549622982984,-27.6459025647119
-48.6560977128324,-27.6454425509843
-48.6567915529999,-27.6450969940000
-48.6573865390000,-27.6448420010000
-48.6583215150000,-27.6450119970000
-48.6595964840000,-27.6458619749999
-48.6598514780000,-27.6465419589999
-48.6596814819999,-27.6476469309999
-48.6590014989999,-27.6487519039999
-48.6582365180000,-27.6490918950000
-48.6567065560000,-27.6490068980000
-48.6560265720000,-27.6484969099999
-48.6556015830000,-27.6483269139999
-48.6552615909999,-27.6490918950000
-48.6550065979999,-27.6502818659999
-48.6547516040000,-27.6513018410000
-48.6541566189999,-27.6523218149999
-48.6532216419999,-27.6535117860000
-48.6522016670000,-27.6544467630000
-48.6509266990000,-27.6562317180000
-48.6502467160000,-27.6577616810000
-48.6493967370000,-27.6588666530000
-48.6486317560000,-27.6603116169999
-48.6480367700000,-27.6605666110000
-48.6471017940000,-27.6615015880000
-48.6452318400000,-27.6631165479999
-48.6447218530000,-27.6639665270000
-48.6434468840000,-27.6646465100000
-48.6420019200000,-27.6651564969999
-48.6408969469999,-27.6652414950000
-48.6391969900000,-27.6663464680000
-48.6381770149999,-27.6666864589999
-48.6371225324221,-27.6670685852462
-48.6364378665024,-27.6677445635007
-48.6362162370010,-27.6688670134976
-48.6369507675019,-27.6705465815013
-48.6367807715019,-27.6716679705014
-48.6359834870000,-27.6723175030022
-48.6355778269997,-27.6731857510050
-48.6357251539204,-27.6739907510314
-48.6361399779994,-27.6744917010026
-48.6364765265015,-27.6752185525017
-48.6362220629999,-27.6758662320000
-48.6359632279125,-27.6762984685354
-48.6360646954229,-27.6765847652931
-48.6366862405491,-27.6768409242309
-48.6373265055015,-27.6768552250024
-48.6378370230000,-27.6766312130000
-48.6387796780016,-27.6773416474991
-48.6393669850000,-27.6788411580000
-48.6393669850000,-27.6805411160000
-48.6389419960000,-27.6811361009999
-48.6381770149999,-27.6815610909999
-48.6373270359999,-27.6819860799999
-48.6361370650000,-27.6829210569999
-48.6353720840000,-27.6837710359999
-48.6341821139999,-27.6848760079999
-48.6335021309999,-27.6859809809999
-48.6318021730000,-27.6866609639999
-48.6305272040000,-27.6875959410000
-48.6296772260000,-27.6883609220000
-48.6295922280000,-27.6895508929999
-48.6302722110000,-27.6905708670000
-48.6313771830000,-27.6917608379999
-48.6323971579999,-27.6925258190000
-48.6334171330000,-27.6937157890000
-48.6347770990000,-27.6952457510000
-48.6357970740000,-27.6970307070000
-48.6357120759999,-27.6982206779999
-48.6352870859999,-27.6989006610000
-48.6354570820000,-27.6996656420000
-48.6363070610000,-27.7001756289999
-48.6369870440000,-27.7013656000000
-48.6376670270000,-27.7021305809999
-48.6394519830000,-27.7030655579999
-48.6401319660000,-27.7035755450000
-48.6400469680000,-27.7054454989999
-48.6391969900000,-27.7068904630000
-48.6385170060000,-27.7077404419999
-48.6382620130000,-27.7092704039999
-48.6377520249999,-27.7098653890000
-48.6369870440000,-27.7108853640000
-48.6359670699999,-27.7118203410000
-48.6357120759999,-27.7126703190000
-48.6359670699999,-27.7136902939999
-48.6363920589999,-27.7142852790000
-48.6370720419999,-27.7153052539999
-48.6377520249999,-27.7174302010000
-48.6384320079999,-27.7192151570000
-48.6384320079999,-27.7211701090000
-48.6385170060000,-27.7227850689999
-48.6385170060000,-27.7243150309999
-48.6386097700503,-27.7253532814769
-48.6385170060000,-27.7260149890000
-48.6383032546663,-27.7264138484088
-48.6383311938905,-27.7267586806799
-48.6386870020000,-27.7272899570000
-48.6385304112238,-27.7279251000567
-48.6386039535178,-27.7284605454805
-48.6390631031283,-27.7288142983209
-48.6392111413954,-27.7294142987748
-48.6391777463373,-27.7301835955619
-48.6391251617991,-27.7306232279300
-48.6388569979999,-27.7311148620000
-48.6380973538292,-27.7325991165150
-48.6380390343528,-27.7330607518718
-48.6381351630389,-27.7337363344571
-48.6379203792063,-27.7341982349823
-48.6376899383127,-27.7344873604496
-48.6363920589999,-27.7353647570000
-48.6355420799999,-27.7367247230000
-48.6344371080000,-27.7374897040000
-48.6334171330000,-27.7380846899999
-48.6330771409999,-27.7385096789999
-48.6324821560000,-27.7390196659999
-48.6324821560000,-27.7398696449999
-48.6338421220000,-27.7402096370000
-48.6343521100000,-27.7411446139999
-48.6338421220000,-27.7425895780000
-48.6318021730000,-27.7442895359999
-48.6301872129999,-27.7452245130000
-48.6289122439999,-27.7454795060000
-48.6236423750000,-27.7474344579999
-48.6220274149999,-27.7477744490000
-48.6200724640000,-27.7477744490000
-48.6182875080000,-27.7481144409999
-48.6180325139999,-27.7492194140000
-48.6172938176637,-27.7497624113494
-48.6166382324620,-27.7496693142951
-48.6162066586112,-27.7506541622533
-48.6165857547693,-27.7513465387233
-48.6171051362009,-27.7523012610875
-48.6182951062008,-27.7532201681704
-48.6187054804758,-27.7539430864280
-48.6188664240829,-27.7550991745634
-48.6185927446201,-27.7566048877686
-48.6177340318768,-27.7573245018697
-48.6171834075152,-27.7579490746899
-48.6163918510131,-27.7585995364015
-48.6160113284265,-27.7595921755966
-48.6155944413405,-27.7606789315981
-48.6158966373886,-27.7617097104034
-48.6163325560000,-27.7623090889999
-48.6163325560000,-27.7640090469999
-48.6162475579999,-27.7652840150000
-48.6162475579999,-27.7666439819999
-48.6158424581509,-27.7678043570685
-48.6154887933299,-27.7687266676657
-48.6158602151097,-27.7695824389021
-48.6165875500000,-27.7702138929999
-48.6176925230000,-27.7702988910000
-48.6194774780000,-27.7702138929999
-48.6211774360000,-27.7702138929999
-48.6232173860000,-27.7698739020000
-48.6252573350000,-27.7694489120000
-48.6264473059999,-27.7697039060000
-48.6288272469999,-27.7712338680000
-48.6301022150000,-27.7729338259999
-48.6306122020000,-27.7748037790000
-48.6306122020000,-27.7759087520000
-48.6306122020000,-27.7770987219999
-48.6309521940000,-27.7785436870000
-48.6309521940000,-27.7798186549999
-48.6309521940000,-27.7816886090000
-48.6313771830000,-27.7824535899999
-48.6321421640000,-27.7834735640000
-48.6326491560582,-27.7845785370000
-48.6328398129535,-27.7853611144689
-48.6332264168475,-27.7860645671542
-48.6334801418654,-27.7862875134461
-48.6336290027429,-27.7864754718989
-48.6337891491378,-27.7866712184416
-48.6340293821003,-27.7871795099408
-48.6339271200000,-27.7879784529999
-48.6341821139999,-27.7896784110000
-48.6343521100000,-27.7908683809999
-48.6340121179999,-27.7914633660000
-48.6332471370000,-27.7920583520000
-48.6292522360000,-27.7947782840000
-48.6280622660000,-27.7943532950000
-48.6264473059999,-27.7935883140000
-48.6249173429999,-27.7929933280000
-48.6243201891962,-27.7915991327075
-48.6235070836068,-27.7909842306070
-48.6231925098168,-27.7900738467621
-48.6223129248719,-27.7894316709858
-48.6217154843281,-27.7884931170546
-48.6200382337075,-27.7879024696622
-48.6193233435207,-27.7871169510868
-48.6171321057395,-27.7876982443698
-48.6162391148015,-27.7885147836638
-48.6164606973164,-27.7903341515910
-48.6164393802084,-27.7917980040511
-48.6168733848707,-27.7927849683765
-48.6171659267808,-27.7936697812718
-48.6170818419817,-27.7947183239569
-48.6172325286071,-27.7953121607811
-48.6171462888870,-27.7960022987890
-48.6174317563731,-27.7969369215641
-48.6179572961776,-27.7970248052496
-48.6183483757536,-27.7976770809036
-48.6190035315931,-27.7984740218614
-48.6196064233857,-27.7993472358529
-48.6199653200237,-27.8000591054334
-48.6207109867099,-27.8006950541522
-48.6215508341591,-27.8020030900918
-48.6218213148303,-27.8023915110307
-48.6219753370608,-27.8027488008525
-48.6220005699857,-27.8032266274452
-48.6220265413362,-27.8036940898358
-48.6221683567537,-27.8043357632022
-48.6221283171682,-27.8049089150781
-48.6222466328257,-27.8052359432924
-48.6223641134041,-27.8053076664617
-48.6226138873337,-27.8052728404096
-48.6229158412327,-27.8053564702326
-48.6232281190658,-27.8057066610338
-48.6232796504906,-27.8063164967683
-48.6232311362821,-27.8067220849802
-48.6229696795511,-27.8079815912517
-48.6228973405161,-27.8088976557037
-48.6235175799260,-27.8094643416426
-48.6240171828318,-27.8102980821682
-48.6240673650000,-27.8112678749999
-48.6234723790000,-27.8123728479999
-48.6224524049999,-27.8133928230000
-48.6228773939999,-27.8139028099999
-48.6233873810000,-27.8147527890000
-48.6233873810000,-27.8163677489999
-48.6231323879999,-27.8176427170000
-48.6222824090000,-27.8183227009999
-48.6216874240000,-27.8185776939999
-48.6207524470000,-27.8192576769999
-48.6204974530000,-27.8201076559999
-48.6204974530000,-27.8214676229999
-48.6202424589999,-27.8221476059999
-48.6199024680000,-27.8234225739999
-48.6187124969999,-27.8237625660000
-48.6175225269999,-27.8230825830000
-48.6165875500000,-27.8220626080000
-48.6151425859999,-27.8215526210000
-48.6139526150000,-27.8215526210000
-48.6136126240000,-27.8222326040000
-48.6134426280000,-27.8232525779999
-48.6121676600000,-27.8231675810000
-48.6109776890000,-27.8226575930000
-48.6097027210000,-27.8230825830000
-48.6065577990000,-27.8233375760000
-48.5959330620000,-27.8234225739999
-48.5904081990000,-27.8237625660000
-48.5881982540000,-27.8254625239999
-48.5868382870000,-27.8269924859999
-48.5866682920000,-27.8282674540000
-48.5868382870000,-27.8319223629999
-48.5872632770000,-27.8355772730000
-48.5873482750000,-27.8383822030000
-48.5871782789999,-27.8401671590000
-48.5864132980000,-27.8426320980000
-48.5854783210000,-27.8445870500000
-48.5842033530000,-27.8458620179999
-48.5838229139999,-27.8458801340000
-48.5834806239999,-27.8464854439999
-48.5829075299999,-27.8465171150000
-48.5820120710000,-27.8465171150000
-48.5815822510000,-27.8462637489999
-48.5812610670000,-27.8455612399999
-48.5803784469999,-27.8452670330000
-48.5785084939999,-27.8445020519999
-48.5771485280000,-27.8438220689999
-48.5767588799999,-27.8439681860000
-48.5767825930000,-27.8448068860000
-48.5769258669999,-27.8455036490000
-48.5769258669999,-27.8464854439999
-48.5767714049999,-27.8469820800000
-48.5776585149999,-27.8488369440000
-48.5788484850000,-27.8513018830000
-48.5800161750000,-27.8530144960000
-48.5803868249999,-27.8530144960000
-48.5803868249999,-27.8525670440000
-48.5803151880000,-27.8519970030000
-48.5803510069999,-27.8511419370000
-48.5803151880000,-27.8499701680000
-48.5803151880000,-27.8490200759999
-48.5807450089999,-27.8487033769999
-48.5812612770000,-27.8487033769999
-48.5815277089999,-27.8485096070000
-48.5837376549999,-27.8479996199999
-48.5862025929999,-27.8476596290000
-48.5890075240000,-27.8479996199999
-48.5922374440000,-27.8486796029999
-48.5927881400000,-27.8488369440000
-48.5955080720000,-27.8511318870000
-48.5973780259999,-27.8526618490000
-48.5993329779999,-27.8549567929999
-48.6005229479999,-27.8585267039999
-48.6016279209999,-27.8634565820000
-48.6021983699999,-27.8646864540000
-48.6021983699999,-27.8678821889999
-48.6019461669999,-27.8694428620000
-48.6016098950000,-27.8710035139999
-48.6012736239999,-27.8728614020000
-48.6008532850000,-27.8750165129999
-48.6001807420000,-27.8766513959999
-48.5995922669999,-27.8776917630000
-48.5990878599999,-27.8788807420000
-48.5985834529999,-27.8797724679999
-48.5969587079999,-27.8810272159999
-48.5966980429999,-27.8814761350000
-48.5948280890000,-27.8832610910000
-48.5925331459999,-27.8844510609999
-48.5907481899999,-27.8843660639999
-48.5905432800000,-27.8842251889999
-48.5901974939999,-27.8842087230000
-48.5888375279999,-27.8832737459999
-48.5888375279999,-27.8822537710000
-48.5892625179999,-27.8816587859999
-48.5889090460000,-27.8808811499999
-48.5876882660000,-27.8808811499999
-48.5860733059999,-27.8808811499999
-48.5849683339999,-27.8809661480000
-48.5838633609999,-27.8817311289999
-48.5824183970000,-27.8820711200000
-48.5807184390000,-27.8827511040000
-48.5795284690000,-27.8827511040000
-48.5794060919999,-27.8825937629999
-48.5789777730000,-27.8825937629999
-48.5783827870000,-27.8818287820000
-48.5783827870000,-27.8803838169999
-48.5779577979999,-27.8789388530000
-48.5767678270000,-27.8778338810000
-48.5756628550000,-27.8771538970000
-48.5751947269999,-27.8768559979999
-48.5804973790000,-27.8573275749999
-48.5806330130000,-27.8572682270000
-48.5808954720000,-27.8570020900000
-48.5810070279999,-27.8569567669999
-48.5810896080000,-27.8569415690000
-48.5812515000000,-27.8568198770000
-48.5812596019999,-27.8567280590000
-48.5813344749999,-27.8566542880000
-48.5813406180000,-27.8565633269999
-48.5813379170000,-27.8564553059999
-48.5813311520000,-27.8562837290000
-48.5812839069999,-27.8560772330000
-48.5812082920000,-27.8559422069999
-48.5810300580000,-27.8557693729999
-48.5808140160000,-27.8556073419999
-48.5807059950000,-27.8554804170000
-48.5806951929999,-27.8553129850000
-48.5806573849999,-27.8551671570000
-48.5806573849999,-27.8550510339999
-48.5807311830000,-27.8549510530000
-48.5807194970000,-27.8548971040000
-48.5806850129999,-27.8548085560000
-48.5806060749999,-27.8547485760000
-48.5805142579999,-27.8546810629999
-48.5803657289999,-27.8545460359999
-48.5801280830000,-27.8544002080000
-48.5800146610000,-27.8544002080000
-48.5799282440000,-27.8544002080000
-48.5798256240000,-27.8543894059999
-48.5797284050000,-27.8543894059999
-48.5796257860000,-27.8543624009999
-48.5794907590000,-27.8543461980000
-48.5794205459999,-27.8543786040000
-48.5792679660000,-27.8543461980000
-48.5791923520000,-27.8543191930000
-48.5790897319999,-27.8542381770000
-48.5789871119999,-27.8540707440000
-48.5788979950000,-27.8539384190000
-48.5788682890000,-27.8538601040000
-48.5788997459999,-27.8538226119999
-48.5789871119999,-27.8537898900000
-48.5790411220000,-27.8537520830000
-48.5790411220000,-27.8536332600000
-48.5790195179999,-27.8534982340000
-48.5789493050000,-27.8533578060000
-48.5788520860000,-27.8532875929999
-48.5787872729999,-27.8531471659999
-48.5786738510000,-27.8530607490000
-48.5785064190000,-27.8529635300000
-48.5783335849999,-27.8529041190000
-48.5782255640000,-27.8528447070000
-48.5781175440000,-27.8526826760000
-48.5780280950000,-27.8526429210000
-48.5779717149999,-27.8526178630000
-48.5779015020000,-27.8526610709999
-48.5777610740000,-27.8526664729999
-48.5776584549999,-27.8526664729999
-48.5775072250000,-27.8525962589999
-48.5774640170000,-27.8525368470000
-48.5774100070000,-27.8524720349999
-48.5773181890000,-27.8524828370000
-48.5772695790000,-27.8525206440000
-48.5771507560000,-27.8526178630000
-48.5770319329999,-27.8526934779999
-48.5768861050000,-27.8527150820000
-48.5767186730000,-27.8527420870000
-48.5766116970000,-27.8527856699999
-48.5765728439999,-27.8528014990000
-48.5764601250000,-27.8528498069999
-48.5763378990000,-27.8528082500000
-48.5762460810000,-27.8528082500000
-48.5762082740000,-27.8528379560000
-48.5761299590000,-27.8528838650000
-48.5761191569999,-27.8529230220000
-48.5761164560000,-27.8530094389999
-48.5760975520000,-27.8530256420000
-48.5760543439999,-27.8530256420000
-48.5760192370000,-27.8530256420000
-48.5758815110000,-27.8530634489999
-48.5758085959999,-27.8530904550000
-48.5758004950000,-27.8531498660000
-48.5758274999999,-27.8532011760000
-48.5758523620000,-27.8532187260000
-48.5758734089999,-27.8532335820000
-48.5759112160000,-27.8532767909999
-48.5758946800000,-27.8533358500000
-48.5758923129999,-27.8533443040000
-48.5759274190000,-27.8534226190000
-48.5760030339999,-27.8535144369999
-48.5761029530000,-27.8536589150000
-48.5761245579999,-27.8537399300000
-48.5761731670000,-27.8538344490000
-48.5761974719999,-27.8539289669999
-48.5761947710000,-27.8539856780000
-48.5760813489999,-27.8540828970000
-48.5760651460000,-27.8541423080000
-48.5760813489999,-27.8542098210000
-48.5760840500000,-27.8542773340000
-48.5760516430000,-27.8543772539999
-48.5760867499999,-27.8544258630000
-48.5761461620000,-27.8544258630000
-48.5761812690000,-27.8543907559999
-48.5762163749999,-27.8543421470000
-48.5762730860000,-27.8542854359999
-48.5762784870000,-27.8542233240000
-48.5763433000000,-27.8542044200000
-48.5763730060000,-27.8541639119999
-48.5764465949999,-27.8541517600000
-48.5765654180000,-27.8541841660000
-48.5766734389999,-27.8544542189999
-48.5766693880000,-27.8544683960000
-48.5766646620000,-27.8544818989999
-48.5766558850000,-27.8544960770000
-48.5766255050000,-27.8545136299999
-48.5766066010000,-27.8545284830000
-48.5765849969999,-27.8545716909999
-48.5765957990000,-27.8546392050000
-48.5766012000000,-27.8546878139999
-48.5765903980000,-27.8547445249999
-48.5765957990000,-27.8548120380000
-48.5766471090000,-27.8548714500000
-48.5766822159999,-27.8549416630000
-48.5766876169999,-27.8549902729999
-48.5767497290000,-27.8550402320000
-48.5768361450000,-27.8550861410000
-48.5768577499999,-27.8551509540000
-48.5768631509999,-27.8551995629999
-48.5768901559999,-27.8552427710000
-48.5769252630000,-27.8553075839999
-48.5769387650000,-27.8553561930000
-48.5770035780000,-27.8554237060000
-48.5771061980000,-27.8554183049999
-48.5771521070000,-27.8553831990000
-48.5771737109999,-27.8553129850000
-48.5772358230000,-27.8552886799999
-48.5773168379999,-27.8552697769999
-48.5774005549999,-27.8552454720000
-48.5775031749999,-27.8552454720000
-48.5775922920000,-27.8552616750000
-48.5776834339999,-27.8552778780000
-48.5776996380000,-27.8553507920000
-48.5777212419999,-27.8554588129999
-48.5777644500000,-27.8556964589999
-48.5777752520000,-27.8560745330000
-48.5777421710000,-27.8561650000000
-48.5777691759999,-27.8562892240000
-48.5777205670000,-27.8563135290000
-48.5776749949999,-27.8563260189999
-48.5776467979999,-27.8563398950000
-48.5776459649999,-27.8563550489999
-48.5776456270000,-27.8563705770000
-48.4308026648107,-27.8430397832161
-48.4306946438916,-27.8428021371940
-48.4306946438916,-27.8425752932639
-48.4308458731784,-27.8421864179550
-48.6248102470784,-27.7295061532577
-48.6248237189234,-27.7295330969478
-48.6248695231965,-27.7295600406378
-48.6249234105766,-27.7296193167559
-48.6249422711596,-27.7296462604459
-48.6249826866946,-27.7296624266599
-48.6250419628127,-27.7296812872429
-48.6250958501928,-27.7297055365640
-48.6251820700009,-27.7297809788961
-48.6252682898090,-27.7298833649182
-48.6252979278680,-27.7299372522982
-48.6253545096171,-27.7300153889993
-48.6253976195211,-27.7300611932724
-48.6254218688421,-27.7301016088074
-48.6254757562222,-27.7301393299735
-48.6255485041853,-27.7301608849255
-48.6256401127314,-27.7301743567705
-48.6256993888495,-27.7301770511395
-48.6257829142886,-27.7301608849255
-48.6263244824582,-27.7302713540546
-48.6262598176021,-27.7303306301727
-48.6262220964361,-27.7303629626007
-48.6261978471150,-27.7304033781358
-48.6261951527460,-27.7304330161948
-48.6261628203180,-27.7304734317299
-48.6261574315800,-27.7305192360029
-48.6261951527460,-27.7305542628000
-48.6262247908051,-27.7306189276560
-48.6262517344951,-27.7306566488221
-48.6263137049822,-27.7306808981431
-48.6263756754692,-27.7306728150361
-48.6264376459563,-27.7306377882391
-48.6265076995504,-27.7306000670730
-48.6265373376094,-27.7305300134789
-48.6265346432404,-27.7304626542539
-48.6265050051814,-27.7303872119218
-48.6264618952773,-27.7303333245417
-48.6264160910043,-27.7302875202687
-48.6263244824582,-27.7302713540546
-48.6257829142886,-27.7301608849255
-48.6258071636096,-27.7301150806524
-48.6258610509896,-27.7300234721063
-48.6259014665247,-27.7299291691912
-48.6259095496317,-27.7298806705492
-48.6258987721557,-27.7298375606451
-48.6258583566206,-27.7297944507411
-48.6257909973956,-27.7297621183130
-48.6257047775875,-27.7297594239440
-48.6256077803034,-27.7297594239440
-48.6255269492333,-27.7297378689920
-48.6254515069012,-27.7296624266599
-48.6253464265100,-27.7295789012208
-48.6252952334990,-27.7295250138408
-48.6250500459197,-27.7293849066526
-48.6249853810636,-27.7293956841286
-48.6249261049456,-27.7294145447116
-48.6248910781485,-27.7294387940327
-48.6248614400895,-27.7294657377227
-48.6248237189234,-27.7294926814127
-48.6248102470784,-27.7295061532577
-48.4308458731784,-27.8421864179550
-48.4308458731784,-27.8420135844844
-48.4308242689946,-27.8417759384624
-48.4308242689946,-27.8415490945322
-48.4309754982813,-27.8413114485101
-48.4313751756821,-27.8409117711094
-48.4315696133365,-27.8404472811572
-48.4315588112446,-27.8401448225836
-48.4314507903255,-27.8398855723777
-48.4313913788200,-27.8397559472748
-48.4313589725442,-27.8395993169420
-48.4314021809119,-27.8394480876553
-48.4315858164744,-27.8392914573225
-48.4316398269340,-27.8391618322196
-48.4316074206582,-27.8389998008409
-48.4314669934634,-27.8389025820137
-48.4313319673144,-27.8388647746920
-48.4311375296600,-27.8389241861975
-48.4309971024652,-27.8390160039788
-48.4308404721324,-27.8391564311736
-48.4308404721324,-27.8393022594145
-48.4309322899137,-27.8393778740578
-48.4311159254762,-27.8394102803336
-48.4311969411655,-27.8394750928850
-48.4312023422115,-27.8395183012527
-48.4311753369817,-27.8395615096203
-48.4310835192005,-27.8396047179880
-48.4308025302018,-27.8395862259822
-48.4303933885097,-27.8397650662000
-48.4303543779964,-27.8400205985266
-48.4303813832262,-27.8401664267674
-48.4304136405924,-27.8402954562323
-48.4304461957776,-27.8404256769733
-48.4305542166968,-27.8405877083520
-48.4306784407538,-27.8407119324090
-48.4307810606269,-27.8408577606498
-48.4308404721324,-27.8409387763392
-48.4308512742244,-27.8409981878447
-48.4308188679486,-27.8411116098098
-48.4306946438916,-27.8412520370046
-48.4303246939190,-27.8416464464484
-48.4300843256986,-27.8416760191122
-48.4297764660791,-27.8416922222501
-48.4293173771728,-27.8417192274798
-48.4290203196452,-27.8417354306177
-48.4287502673474,-27.8418002431692
-48.4285288244632,-27.8418326494449
-48.4284154024981,-27.8419568735019
-48.4284316056360,-27.8420486912832
-48.4284964181875,-27.8420810975589
-48.4287988767610,-27.8420162850074
-48.4290149185993,-27.8420162850074
-48.4292039552077,-27.8420270870993
-48.4294037939081,-27.8419838787317
-48.4294443017528,-27.8419838787317
-48.4294848095974,-27.8420000818696
-48.4295064137813,-27.8420351886683
-48.4295064137813,-27.8421702148172
-48.4294416012298,-27.8422296263227
-48.4294037121866,-27.8422462975017
-48.4293065750809,-27.8422890378282
-48.4292309604375,-27.8423052409661
-48.4291769499779,-27.8423052409661
-48.4290257206912,-27.8423052409661
-48.4289555070937,-27.8423484493337
-48.4289122987261,-27.8424726733907
-48.4289122987261,-27.8425698922179
-48.4289393039559,-27.8426887152290
-48.4290311217371,-27.8428129392860
-48.4291769499779,-27.8429101581132
-48.4293119761268,-27.8429533664808
-48.4295712263327,-27.8429965748485
-48.4300465183769,-27.8430829915838
-48.4303165706747,-27.8428561476536
-48.4304786020534,-27.8428561476536
-48.4305650187887,-27.8429965748485
-48.4305866229725,-27.8431694083191
-48.4306028261104,-27.8432922821146
-48.4305771711421,-27.8433611454505
-48.4305312622515,-27.8434178564331
-48.4304677999615,-27.8434556637548
-48.4304126546759,-27.8434766714826
-48.4302409560313,-27.8435420804901
-48.4301167319743,-27.8435744867658
-48.4299601016416,-27.8435744867658
-48.4298034713089,-27.8435798878117
-48.4296198357463,-27.8436555024551
-48.4294848095974,-27.8437473202364
-48.4293497834485,-27.8438121327879
-48.4291607468401,-27.8438499401096
-48.4289933144154,-27.8439093516151
-48.4288690903584,-27.8439849662585
-48.4287448663014,-27.8441469976371
-48.4287340642095,-27.8442874248320
-48.4286206422444,-27.8445034666703
-48.4285558296930,-27.8447681179221
-48.4285612307389,-27.8450057639442
-48.4286044391066,-27.8451785974148
-48.4287340642095,-27.8453028214718
-48.4289014966342,-27.8454054413449
-48.4291499447482,-27.8454810559883
-48.4293659865864,-27.8455026601721
-48.4296036326085,-27.8456322852751
-48.4298736849063,-27.8457943166538
-48.4300465183769,-27.8459995564001
-48.4302085497556,-27.8460967752273
-48.4304461957776,-27.8460859731354
-48.4305758208806,-27.8462804107898
-48.4305758208806,-27.8464748484443
-48.4306838417997,-27.8468313174774
-48.4308782794541,-27.8469177342127
-48.4310187066490,-27.8471337760509
-48.4309646961894,-27.8473012084755
-48.4309214878218,-27.8474308335785
-48.4310295087409,-27.8474740419461
-48.4312239463953,-27.8473768231189
-48.4313967798659,-27.8472255938322
-48.4316452279799,-27.8470419582697
-48.4317964572667,-27.8471499791888
-48.4317964572667,-27.8475172503138
-48.4318180614505,-27.8477008858763
-48.4320124991049,-27.8477332921520
-48.4322501451270,-27.8477656984278
-48.4326822288035,-27.8477765005197
-48.4330819062043,-27.8478845214388
-48.4333195522263,-27.8479709381741
-48.4335247919727,-27.8480789590932
-48.4340540944764,-27.8482517925638
-48.4341837195793,-27.8483166051153
-48.4344321676933,-27.8484894385859
-48.4346266053477,-27.8485758553212
-48.4347886367264,-27.8485434490455
-48.4348966576455,-27.8484030218506
-48.4348426471860,-27.8482085841962
-48.4345941990720,-27.8480465528175
-48.4343673551418,-27.8478953235307
-48.4340850539999,-27.8476654409999
-48.4336868233514,-27.8474524377623
-48.4334491773293,-27.8473336147513
-48.4331791250315,-27.8473012084755
-48.4330278957447,-27.8471283750050
-48.4328658643660,-27.8468475206152
-48.4327794476307,-27.8466206766851
-48.4327146350792,-27.8465450620417
-48.4325309995167,-27.8463074160196
-48.4322717493108,-27.8459833532622
-48.4320881137483,-27.8457889156078
-48.4319692907373,-27.8456484884130
-48.4317964572667,-27.8454648528504
-48.4316236237961,-27.8450651754497
-48.4314723945093,-27.8446871022328
-48.4313211652225,-27.8442874248320
-48.4311159254762,-27.8439471589368
-48.4309646961894,-27.8437095129147
-48.4310511129247,-27.8433422417897
-48.4309430920056,-27.8432234187786
-48.4308026648107,-27.8430397832161
-48.5776456270000,-27.8563705770000
-48.5776547810000,-27.8563807920000
-48.5777292680000,-27.8563960140000
-48.5777696960000,-27.8564365550000
-48.5777853790000,-27.8564836620000
-48.5778717960000,-27.8566078859999
-48.5778879990000,-27.8567213080000
-48.5779258059999,-27.8568563339999
-48.5779528120000,-27.8570183649999
-48.5780338270000,-27.8571425890000
-48.5781472490000,-27.8572128030000
-48.5783092810000,-27.8573262250000
-48.5784064990000,-27.8573694330000
-48.5784983170000,-27.8573964380000
-48.5785685310000,-27.8574882560000
-48.5786549480000,-27.8575044590000
-48.5787521660000,-27.8575962770000
-48.5787899740000,-27.8575854750000
-48.5788709889999,-27.8575476679999
-48.5791059350000,-27.8574882560000
-48.5792004529999,-27.8574693529999
-48.5793255639999,-27.8574633530000
-48.5793705860000,-27.8575152619999
-48.5796541409999,-27.8575530689999
-48.5798215739999,-27.8575476679999
-48.5801307830000,-27.8574666520000
-48.5803028904029,-27.8574072410000
-48.5804973790000,-27.8573275749999
-48.5751947269999,-27.8768559979999
-48.5750235799999,-27.8771412430000
-48.5751935759999,-27.8785012090000
-48.5757035629999,-27.8794361860000
-48.5759585570000,-27.8808811499999
-48.5757035629999,-27.8825811080000
-48.5748535840000,-27.8836860800000
-48.5742947959999,-27.8840120409999
-48.5739305530000,-27.8852201949999
-48.5738359769999,-27.8859307480000
-48.5741669939999,-27.8868502800000
-48.5744980109999,-27.8876862119999
-48.5746398759999,-27.8884803409999
-48.5744949610000,-27.8891191090000
-48.5745985910000,-27.8894092720000
-48.5752785740000,-27.8909958990000
-48.5757189330000,-27.8922289069999
-48.5766064450000,-27.8931508109999
-48.5774466399999,-27.8933802110000
-48.5779973360000,-27.8935375519999
-48.5790849639999,-27.8941226680000
-48.5797469980000,-27.8945823999999
-48.5802671680000,-27.8955018590000
-48.5807873379999,-27.8962541380000
-48.5812602189999,-27.8972571680000
-48.5818276780000,-27.8988034870000
-48.5821114070000,-27.8993885749999
-48.5823951359999,-27.9003079930000
-48.5821586950000,-27.9007676990000
-48.5818276780000,-27.9010184470000
-48.5813744460000,-27.9012305009999
-48.5813984219999,-27.9014223070000
-48.5816893300000,-27.9020526090000
-48.5822802730000,-27.9034339209999
-48.5825369999999,-27.9055318090000
-48.5828207289999,-27.9065765420000
-48.5832021880000,-27.9070541000000
-48.5837943200000,-27.9069314929999
-48.5834522370000,-27.9061684659999
-48.5835941019999,-27.9051237309999
-48.5838778309999,-27.9044133049999
-48.5847290180000,-27.9041625660000
-48.5851939419999,-27.9043451730000
-48.5860081000000,-27.9046059940000
-48.5861309009999,-27.9046542259999
-48.5876402100000,-27.9039855320000
-48.5881735899999,-27.9037498480000
-48.5887069710000,-27.9038441220000
-48.5891203400000,-27.9039658909999
-48.5896670549999,-27.9041269410000
-48.5906804770000,-27.9045983050000
-48.5919605889999,-27.9053053470000
-48.5931873640000,-27.9060595210000
-48.5946808280000,-27.9071436359999
-48.5962809690000,-27.9081334699999
-48.5975610810000,-27.9089818919999
-48.5990545449999,-27.9102073800000
-48.5998546160000,-27.9113857199999
-48.6007080240000,-27.9126111799999
-48.6018814600000,-27.9139308900000
-48.6029482210000,-27.9147792670000
-48.6038549670000,-27.9154391110000
-48.6052950929999,-27.9161932140000
-48.6066459130000,-27.9167483890000
-48.6071971179999,-27.9169749289999
-48.6075886280000,-27.9171358350000
-48.6081220080000,-27.9171358350000
-48.6089754160000,-27.9168530489999
-48.6095621339999,-27.9165702630000
-48.6100955150000,-27.9162874760000
-48.6110022610000,-27.9157690320000
-48.6118023310000,-27.9155333739999
-48.6127090770000,-27.9153919800000
-48.6133491340000,-27.9152505850000
-48.6137758380000,-27.9149206630000
-48.6142558800000,-27.9145907399999
-48.6148425979999,-27.9141194190000
-48.6154293160000,-27.9141665509999
-48.6156426680000,-27.9146378710000
-48.6156426680000,-27.9153919800000
-48.6156960060000,-27.9160046890000
-48.6163360620000,-27.9159575570000
-48.6166027519999,-27.9153448480000
-48.6166027519999,-27.9147792670000
-48.6166027519999,-27.9143079469999
-48.6166027519999,-27.9137423609999
-48.6167627660000,-27.9132239039999
-48.6174561610000,-27.9128939760000
-48.6182028929999,-27.9128939760000
-48.6190563009999,-27.9129882409999
-48.6199097090000,-27.9131296390000
-48.6207097800000,-27.9133181690000
-48.6217765400000,-27.9133181690000
-48.6224699340000,-27.9130825070000
-48.6230566519999,-27.9127054450000
-48.6234300180000,-27.9122812489999
-48.6236433700000,-27.9118099189999
-48.6236967080000,-27.9112443200000
-48.6239100609999,-27.9107258509999
-48.6246034549999,-27.9105373159999
-48.6250834969999,-27.9105373159999
-48.6256168770000,-27.9107258509999
-48.6262035949999,-27.9112443200000
-48.6275370460000,-27.9113385859999
-48.6285504680000,-27.9113857199999
-48.6293505380000,-27.9114799860000
-48.6302572840000,-27.9115742530000
-48.6311640310000,-27.9115742530000
-48.6320174390000,-27.9115742530000
-48.6328175089999,-27.9117156529999
-48.6334575650000,-27.9121869840000
-48.6336709170000,-27.9127054450000
-48.6339376070000,-27.9133653019999
-48.6340976210000,-27.9140251549999
-48.6345243250000,-27.9147321350000
-48.6353777340000,-27.9149677939999
-48.6363378180000,-27.9150620579999
-48.6366874779999,-27.9148787679999
-48.6374342110000,-27.9145959759999
-48.6378609150000,-27.9142189199999
-48.6383409570000,-27.9137947299999
-48.6386076470000,-27.9134648039999
-48.6387676610000,-27.9129934780000
-48.6386076470000,-27.9126635489999
-48.6384476329999,-27.9122393540000
-48.6378609150000,-27.9119094220000
-48.6373275349999,-27.9117208900000
-48.6367408160000,-27.9114852229999
-48.6356740560000,-27.9111552900000
-48.6349806620000,-27.9108253549999
-48.6340205779999,-27.9104954190000
-48.6331671689999,-27.9100240810000
-48.6331671689999,-27.9095056070000
-48.6334338590000,-27.9091285329999
-48.6338605640000,-27.9090342640000
-48.6347139720000,-27.9090342640000
-48.6354073660000,-27.9095527410000
-48.6359940839999,-27.9099769470000
-48.6365274640000,-27.9104482860000
-48.6371141819999,-27.9108724889999
-48.6377542389999,-27.9111552900000
-48.6385009710000,-27.9111552900000
-48.6393010410000,-27.9110610229999
-48.6397277450000,-27.9107310880000
-48.6399944349999,-27.9105425530000
-48.6402077870000,-27.9101654830000
-48.6404211390000,-27.9095998750000
-48.6404744769999,-27.9091756669999
-48.6404744769999,-27.9087043229999
-48.6405811530000,-27.9082329770000
-48.6406344910000,-27.9079030330000
-48.6406878289999,-27.9074788189999
-48.6407945050000,-27.9070074670000
-48.6407945050000,-27.9065832489999
-48.6407945050000,-27.9060647580000
-48.6407945050000,-27.9054991290000
-48.6407945050000,-27.9049334960000
-48.6411145339999,-27.9046506789999
-48.6416479140000,-27.9046506789999
-48.6422346319999,-27.9048863600000
-48.6426613359999,-27.9052634490000
-48.6429280259999,-27.9059233510000
-48.6429280259999,-27.9063947069999
-48.6429280259999,-27.9070546020000
-48.6427146739999,-27.9073374129999
-48.6423413080000,-27.9076202240000
-48.6419679420000,-27.9079501680000
-48.6418612660000,-27.9082801110000
-48.6418612660000,-27.9087043229999
-48.6421279560000,-27.9090342640000
-48.6425546600000,-27.9092699359999
-48.6429813640000,-27.9096470090000
-48.6434080680000,-27.9098826790000
-48.6442081380000,-27.9100712150000
-48.6445815050000,-27.9102597510000
-48.6451148849999,-27.9104954190000
-48.6457549410000,-27.9108724889999
-48.6462349829999,-27.9112024230000
-48.6468217010000,-27.9116266230000
-48.6476217709999,-27.9116737560000
-48.6480484760000,-27.9115323569999
-48.6484218419999,-27.9109667559999
-48.6481018140000,-27.9103540180000
-48.6477817849999,-27.9101183490000
-48.6475684329999,-27.9098826790000
-48.6471950670000,-27.9095056070000
-48.6468750390000,-27.9092699359999
-48.6463949970000,-27.9089399950000
-48.6459149550000,-27.9087043229999
-48.6457549410000,-27.9082801110000
-48.6451682230000,-27.9077144939999
-48.6445281670000,-27.9073845480000
-48.6441014620000,-27.9067717910000
-48.6439947860000,-27.9062061650000
-48.6439947860000,-27.9055462640000
-48.6440481239999,-27.9051220410000
-48.6444748289999,-27.9048392239999
-48.6451682230000,-27.9047920880000
-48.6459149550000,-27.9049334960000
-48.6465550110000,-27.9052163130000
-48.6473017430000,-27.9056405360000
-48.6480484760000,-27.9060176220000
-48.6485818560000,-27.9061118939999
-48.6487418700000,-27.9057819440000
-48.6484751799999,-27.9054519929999
-48.6477817849999,-27.9052163130000
-48.6471950670000,-27.9049806319999
-48.6473017430000,-27.9044149969999
-48.6476217709999,-27.9038493589999
-48.6478884610000,-27.9032365809999
-48.6479418000000,-27.9026238000000
-48.6481551520000,-27.9021524270000
-48.6484751799999,-27.9020110150000
-48.6490085600000,-27.9020110150000
-48.6493173830000,-27.9020320090000
-48.6497019540000,-27.9020581519999
-48.6504486859999,-27.9020581519999
-48.6510354040000,-27.9020581519999
-48.6517287990000,-27.9017753279999
-48.6521555030000,-27.9013510889999
-48.6525288690000,-27.9013510889999
-48.6529022349999,-27.9017281900000
-48.6534889530000,-27.9023409769999
-48.6538623190000,-27.9029066219999
-48.6543423610000,-27.9036136760000
-48.6544490369999,-27.9041793150000
-48.6546090510000,-27.9048392239999
-48.6551424319999,-27.9055933999999
-48.6554091220000,-27.9062061650000
-48.6555157980000,-27.9068660610000
-48.6556224740000,-27.9074316840000
-48.6559425020000,-27.9080915719999
-48.6563158680000,-27.9088457260000
-48.6564225440000,-27.9092699359999
-48.6567425720000,-27.9097884110000
-48.6573826279999,-27.9098826790000
-48.6585027259999,-27.9099298130000
-48.6602095430000,-27.9099298130000
-48.6610096130000,-27.9099769470000
-48.6618630209999,-27.9100712150000
-48.6628231060000,-27.9093170699999
-48.6630364580000,-27.9087985920000
-48.6635698379999,-27.9084686500000
-48.6642098940000,-27.9084686500000
-48.6649032879999,-27.9082329770000
-48.6653299920000,-27.9079030330000
-48.6659167110000,-27.9077616279999
-48.6665567670000,-27.9077616279999
-48.6674101750000,-27.9076202240000
-48.6679435550000,-27.9073845480000
-48.6688503010000,-27.9072902779999
-48.6695436959999,-27.9074788189999
-48.6708771460000,-27.9075730890000
-48.6718372299999,-27.9076202240000
-48.6731706809999,-27.9075730890000
-48.6741307650000,-27.9073845480000
-48.6748241590000,-27.9071488730000
-48.6755708909999,-27.9070546020000
-48.6769043419999,-27.9070546020000
-48.6783444680000,-27.9071017379999
-48.6795179040000,-27.9071017379999
-48.6804246510000,-27.9068660610000
-48.6811713829999,-27.9068660610000
-48.6821314670000,-27.9065832489999
-48.6833049030000,-27.9061590290000
-48.6839449600000,-27.9059704869999
-48.6846383540000,-27.9058762150000
-48.6850650580000,-27.9057819440000
-48.6857051140000,-27.9057819440000
-48.6862384940000,-27.9054048570000
-48.6868252120000,-27.9047449509999
-48.6874009560000,-27.9047313729999
-48.6881832470000,-27.9046056760000
-48.6886099509999,-27.9042914340000
-48.6893922419999,-27.9038514929999
-48.6898189459999,-27.9034115499999
-48.6903167670000,-27.9027830570000
-48.6910990580000,-27.9018403109999
-48.6914546450000,-27.9019031610000
-48.6922369360000,-27.9020917110000
-48.6930903440000,-27.9023431099999
-48.6938015179999,-27.9026573579999
-48.6945838079999,-27.9029087559999
-48.6953660990000,-27.9031601540000
-48.6957928030000,-27.9036000970000
-48.6965750940000,-27.9037257950000
-48.6974996200000,-27.9036000970000
-48.6982107929999,-27.9033487010000
-48.6989219669999,-27.9030344550000
-48.6994197879999,-27.9027830570000
-48.6999176099999,-27.9022802609999
-48.7004865489999,-27.9020288610000
-48.7011977220000,-27.9020288610000
-48.7019800130000,-27.9015260610000
-48.7022644830000,-27.9011489590000
-48.7026911870000,-27.9005204530000
-48.7029756560000,-27.8999547949999
-48.7034023600000,-27.8992634310000
-48.7034734780000,-27.8987606169999
-48.7037579470000,-27.8983206540000
-48.7045402379999,-27.8981320980000
-48.7043980029999,-27.8976292789999
-48.7037579470000,-27.8974407219999
-48.7033312430000,-27.8970007529999
-48.7034734780000,-27.8965607819999
-48.7041135339999,-27.8961836629999
-48.7048247069999,-27.8960579570000
-48.7054647639999,-27.8960579570000
-48.7065315240000,-27.8960579570000
-48.7075982840000,-27.8960579570000
-48.7085939270000,-27.8963722230000
-48.7095184529999,-27.8965607819999
-48.7103718609999,-27.8964979290000
-48.7109407999999,-27.8963093700000
-48.7115808560000,-27.8963093700000
-48.7124342640000,-27.8963093700000
-48.7133587900000,-27.8963093700000
-48.7141410810000,-27.8961208100000
-48.7147811369999,-27.8958065429999
-48.7154211929999,-27.8954294210000
-48.7159901319999,-27.8950522979999
-48.7165590709999,-27.8950522979999
-48.7173413620000,-27.8953665669999
-48.7179103000000,-27.8958693960000
-48.7187637090000,-27.8960579570000
-48.7194748820000,-27.8960579570000
-48.7201149379999,-27.8959951030000
-48.7208972289999,-27.8957436890000
-48.7213950509999,-27.8953665669999
-48.7221062240000,-27.8949894440000
-48.7226040460000,-27.8944237570000
-48.7229596320000,-27.8942351940000
-48.7235285710000,-27.8946751739999
-48.7242397450000,-27.8943609029999
-48.7245242140000,-27.8935437929999
-48.7245242140000,-27.8932295179999
-48.7241686270000,-27.8927266769999
-48.7236708060000,-27.8918466989999
-48.7236708060000,-27.8911552829999
-48.7240975100000,-27.8904010059999
-48.7244530970000,-27.8898981519999
-48.7244530970000,-27.8893952949999
-48.7241686270000,-27.8885781480000
-48.7240975100000,-27.8877609950000
-48.7242397450000,-27.8869438350000
-48.7248798010000,-27.8861895290000
-48.7256620919999,-27.8859380919999
-48.7265154999999,-27.8858752330000
-48.7270844390000,-27.8854352170000
-48.7275822600000,-27.8847437599999
-48.7281511990000,-27.8840522990000
-48.7282223170000,-27.8831722510000
-48.7280089650000,-27.8824807789999
-48.7273689080000,-27.8817264410000
-48.7275822600000,-27.8810978229999
-48.7284356690000,-27.8804692010000
-48.7286490210000,-27.8795891230000
-48.7287556960000,-27.8786776069999
-48.7289334900000,-27.8778289470000
-48.7292179600000,-27.8770117129999
-48.7295735460000,-27.8765716610000
-48.7300002499999,-27.8763202019999
-48.7305691889999,-27.8758801470000
-48.7304980719999,-27.8754400910000
-48.7302847200000,-27.8748743010000
-48.7298580160000,-27.8741199110000
-48.7298580160000,-27.8734912479999
-48.7298580160000,-27.8726739809999
-48.7302847200000,-27.8719195749999
-48.7309247759999,-27.8713537670000
-48.7315648319999,-27.8709136919999
-48.7321337710000,-27.8705364840000
-48.7323471230000,-27.8698449320000
-48.7324182400000,-27.8690905060000
-48.7326315930000,-27.8686504220000
-48.7336272350000,-27.8682732060000
-48.7341250570000,-27.8678331190000
-48.7343384090000,-27.8670158090000
-48.7344095260000,-27.8663871049999
-48.7348362300000,-27.8654440420000
-48.7351918170000,-27.8651925569999
-48.7360452249999,-27.8645638419999
-48.7364719299999,-27.8636836360000
-48.7367563989999,-27.8637465080000
-48.7374675729999,-27.8633064020000
-48.7376098070000,-27.8626148040000
-48.7376098070000,-27.8616717080000
-48.7376809249999,-27.8606657310000
-48.7377520420000,-27.8597854920000
-48.7376809249999,-27.8589052469999
-48.7377520420000,-27.8580878700000
-48.7377520420000,-27.8572076110000
-48.7377520420000,-27.8565788499999
-48.7379653940000,-27.8560129620000
-48.7379653940000,-27.8553213169999
-48.7376809249999,-27.8545667900000
-48.7371119859999,-27.8542524030000
-48.7365430469999,-27.8538122579999
-48.7355474039999,-27.8532463559999
-48.7353103459999,-27.8525546939999
-48.7361015730000,-27.8504076860000
-48.7361015730000,-27.8490922750000
-48.7361015730000,-27.8480399350000
-48.7359528009999,-27.8472506730000
-48.7359528009999,-27.8465929499999
-48.7362503460000,-27.8455405860000
-48.7368454360000,-27.8448828529999
-48.7374405259999,-27.8444882109999
-48.7374405259999,-27.8438304720000
-48.7368454360000,-27.8429096300000
-48.7368454360000,-27.8423834310000
-48.7375892990000,-27.8409363709999
-48.7381843890000,-27.8400155049999
-48.7399696600000,-27.8389630770000
-48.7407135230000,-27.8385684130000
-48.7413086129999,-27.8380421940000
-48.7419037040000,-27.8373844150000
-48.7426475660000,-27.8368581889999
-48.7433914290000,-27.8359372890000
-48.7441352920000,-27.8354110559999
-48.7444328370000,-27.8346217019999
-48.7444328370000,-27.8338323430000
-48.7453254730000,-27.8321220440000
-48.7456230179999,-27.8314642299999
-48.7463668810000,-27.8310695389999
-48.7472595160000,-27.8305432829999
-48.7480033790000,-27.8298854590000
-48.7484496970000,-27.8293591970000
-48.7494911049999,-27.8280435309999
-48.7487864120000,-27.8271656930000
-48.7473662930000,-27.8267732240000
-48.7459461729999,-27.8261452720000
-48.7449698409999,-27.8258312949999
-48.7440822670000,-27.8255958110000
-48.7432834489999,-27.8255958110000
-48.7419520870000,-27.8252818320000
-48.7415083000000,-27.8244968800000
-48.7415083000000,-27.8230839519999
-48.7415970580000,-27.8221419900000
-48.7416858150000,-27.8212785179999
-48.7421296020000,-27.8202580420000
-48.7424846320000,-27.8196300520000
-48.7428396619999,-27.8188450599999
-48.7436384790000,-27.8182955610000
-48.7445260539999,-27.8168040520000
-48.7443485390000,-27.8155480280000
-48.7437272370000,-27.8146060010000
-48.7426621470000,-27.8136639660000
-48.7418633299999,-27.8130359379999
-48.7415970580000,-27.8124079060000
-48.7409757550000,-27.8113088410000
-48.7400881810000,-27.8109163160000
-48.7396443929999,-27.8096602240000
-48.7394668780000,-27.8087181459999
-48.7392006059999,-27.8076975520000
-48.7389343330000,-27.8073050130000
-48.7388455760000,-27.8067554560000
-48.7388455760000,-27.8057348440000
-48.7388455760000,-27.8045572020000
-48.7388455760000,-27.8036935900000
-48.7388455760000,-27.8026729489999
-48.7388455760000,-27.8017308100000
-48.7388455760000,-27.8009456880000
-48.7388455760000,-27.8001605599999
-48.7386680609999,-27.7984332590000
