-48.281449,-15.829309
-48.281397,-15.829139
-48.281133,-15.828664
-48.281239,-15.827820
-48.281239,-15.827292
-48.281239,-15.826553
-48.281239,-15.825920
-48.280922,-15.825182
-48.280606,-15.824602
-48.280606,-15.823968
-48.280447,-15.823335
-48.279920,-15.822808
-48.279076,-15.822386
-48.278495,-15.821964
-48.278021,-15.821647
-48.277704,-15.821225
-48.277493,-15.820750
-48.276965,-15.820223
-48.276649,-15.819748
-48.276438,-15.819220
-48.276280,-15.818640
-48.276174,-15.818271
-48.275910,-15.817796
-48.275752,-15.817374
-48.275330,-15.817057
-48.274908,-15.816583
-48.274011,-15.816688
-48.273272,-15.816002
-48.272112,-15.815422
-48.271743,-15.814789
-48.271215,-15.814261
-48.270951,-15.813364
-48.270476,-15.812626
-48.269843,-15.812204
-48.269369,-15.812046
-48.268313,-15.812257
-48.267891,-15.811940
-48.267839,-15.811254
-48.267733,-15.810252
-48.267839,-15.809091
-48.267575,-15.808300
-48.267100,-15.807614
-48.266836,-15.807139
-48.266361,-15.806876
-48.265728,-15.807139
-48.265412,-15.807878
-48.265043,-15.808511
-48.264515,-15.808933
-48.264093,-15.808300
-48.264093,-15.807139
-48.263776,-15.806559
-48.263302,-15.806190
-48.262774,-15.805768
-48.262141,-15.805609
-48.261613,-15.805609
-48.261244,-15.805557
-48.260875,-15.805240
-48.260611,-15.804976
-48.260400,-15.804818
-48.259872,-15.804396
-48.259345,-15.804132
-48.258976,-15.803657
-48.258976,-15.802972
-48.258976,-15.802655
-48.258132,-15.802550
-48.257446,-15.802497
-48.257129,-15.802286
-48.256602,-15.801969
-48.255969,-15.801547
-48.255494,-15.801442
-48.254386,-15.801705
-48.253331,-15.801811
-48.252856,-15.801811
-48.252065,-15.802127
-48.251432,-15.802075
-48.250746,-15.801969
-48.250113,-15.801705
-48.249691,-15.801020
-48.249321,-15.800492
-48.248424,-15.800281
-48.248319,-15.800070
-48.248899,-15.799542
-48.249005,-15.798751
-48.248424,-15.798329
-48.247844,-15.798276
-48.247106,-15.798382
-48.246631,-15.798435
-48.246209,-15.798329
-48.246103,-15.797907
-48.246209,-15.797116
-48.246050,-15.796483
-48.245681,-15.796377
-48.244626,-15.796430
-48.243360,-15.796641
-48.242516,-15.797432
-48.242463,-15.798593
-48.241619,-15.799015
-48.241302,-15.798962
-48.240986,-15.798751
-48.240669,-15.798435
-48.240564,-15.798013
-48.240353,-15.797538
-48.240617,-15.796483
-48.240880,-15.795638
-48.240933,-15.794636
-48.240986,-15.793898
-48.240722,-15.792737
-48.240564,-15.792420
-48.240194,-15.792842
-48.239983,-15.793528
-48.239561,-15.793528
-48.239298,-15.793423
-48.238770,-15.793106
-48.238506,-15.792631
-48.237873,-15.791998
-48.237451,-15.790627
-48.237135,-15.789835
-48.236765,-15.788675
-48.236871,-15.787883
-48.237240,-15.787250
-48.237609,-15.786406
-48.237715,-15.785773
-48.237504,-15.785035
-48.236660,-15.784718
-48.236080,-15.784718
-48.235288,-15.784771
-48.234339,-15.784454
-48.233600,-15.784401
-48.232756,-15.784190
-48.232017,-15.783768
-48.232123,-15.782766
-48.232387,-15.781922
-48.232703,-15.781183
-48.232703,-15.780392
-48.232492,-15.779653
-48.232228,-15.778757
-48.231701,-15.777807
-48.230764,-15.777127
-48.228513,-15.776002
-48.226512,-15.775126
-48.223761,-15.773000
-48.218634,-15.770374
-48.215258,-15.766873
-48.214238,-15.764911
-48.213886,-15.762730
-48.212971,-15.759917
-48.211565,-15.756400
-48.210298,-15.754712
-48.209173,-15.752742
-48.208048,-15.749999
-48.207485,-15.746904
-48.207414,-15.744582
-48.208259,-15.738041
-48.208118,-15.735508
-48.207344,-15.733117
-48.206852,-15.728685
-48.206795,-15.724606
-48.206655,-15.720807
-48.207499,-15.717642
-48.209468,-15.714336
-48.211438,-15.712225
-48.213984,-15.710762
-48.216376,-15.709004
-48.218346,-15.707949
-48.219682,-15.707667
-48.220667,-15.707667
-48.221722,-15.708019
-48.222636,-15.708160
-48.223832,-15.709074
-48.224606,-15.709496
-48.225239,-15.709707
-48.226224,-15.709567
-48.226857,-15.709004
-48.227631,-15.708582
-48.228545,-15.708652
-48.229178,-15.709074
-48.230304,-15.709496
-48.231429,-15.709496
-48.232625,-15.709004
-48.234032,-15.708511
-48.235157,-15.708300
-48.235790,-15.708300
-48.236423,-15.707878
-48.237478,-15.707597
-48.238322,-15.707808
-48.239307,-15.707105
-48.240151,-15.706190
-48.240855,-15.704713
-48.240855,-15.703799
-48.240573,-15.702040
-48.239659,-15.700563
-48.239589,-15.698734
-48.239237,-15.697609
-48.239659,-15.695780
-48.240714,-15.694654
-48.241347,-15.692966
-48.240925,-15.691207
-48.240995,-15.689379
-48.241417,-15.687479
-48.241066,-15.685017
-48.240292,-15.683118
-48.240011,-15.682063
-48.239589,-15.679953
-48.238604,-15.678054
-48.237971,-15.676788
-48.237267,-15.674748
-48.236142,-15.671793
-48.235087,-15.669753
-48.234524,-15.667995
-48.234454,-15.666166
-48.234383,-15.664267
-48.234735,-15.662508
-48.234946,-15.660820
-48.234946,-15.659624
-48.234313,-15.658499
-48.234243,-15.657092
-48.234594,-15.655967
-48.235016,-15.655263
-48.235720,-15.653997
-48.236072,-15.652379
-48.236072,-15.650480
-48.235931,-15.649214
-48.235812,-15.648995
-48.235509,-15.648440
-48.235227,-15.647033
-48.235087,-15.645767
-48.234454,-15.643657
-48.233891,-15.642039
-48.232836,-15.640562
-48.231992,-15.639507
-48.230585,-15.638452
-48.229530,-15.637115
-48.229108,-15.635357
-48.228334,-15.633739
-48.227349,-15.632613
-48.226575,-15.631417
-48.225520,-15.630292
-48.224043,-15.628744
-48.222566,-15.628041
-48.221089,-15.627127
-48.220104,-15.625860
-48.219119,-15.624805
-48.218486,-15.623680
-48.217994,-15.623117
-48.216587,-15.622484
-48.215180,-15.622484
-48.214055,-15.622484
-48.212859,-15.622484
-48.211452,-15.622554
-48.210045,-15.622625
-48.208849,-15.622765
-48.205867,-15.618766
-48.202274,-15.617776
-48.201482,-15.599906
-48.201119,-15.591673
-48.200755,-15.583440
-48.199803,-15.578936
-48.200265,-15.562490
-48.199977,-15.507746
-48.200026,-15.503748
-48.200075,-15.499750
-48.191640,-15.499960
-48.183205,-15.500170
-48.165992,-15.499653
-48.148778,-15.499136
-48.082976,-15.498211
-48.076750,-15.498124
-48.052957,-15.497154
-48.052034,-15.497116
-48.000436,-15.499812
-47.663674,-15.500493
-47.662393,-15.500496
-47.620879,-15.500491
-47.562681,-15.500470
-47.562026,-15.500470
-47.500436,-15.500432
-47.496023,-15.500397
-47.495920,-15.500398
-47.417297,-15.500315
-47.417679,-15.546831
-47.417525,-15.547307
-47.415489,-15.547986
-47.414341,-15.547882
-47.413453,-15.547360
-47.412618,-15.547099
-47.411627,-15.546994
-47.410583,-15.547568
-47.409591,-15.548038
-47.408338,-15.547829
-47.407608,-15.547151
-47.406877,-15.546733
-47.405572,-15.546577
-47.404371,-15.546838
-47.403328,-15.547046
-47.402440,-15.547307
-47.402179,-15.547777
-47.402388,-15.548456
-47.402597,-15.549239
-47.402492,-15.549813
-47.402075,-15.550491
-47.401240,-15.551013
-47.400509,-15.551222
-47.399570,-15.551222
-47.398734,-15.551744
-47.398421,-15.552788
-47.398891,-15.553414
-47.399048,-15.554041
-47.399048,-15.554667
-47.399256,-15.555815
-47.399622,-15.556494
-47.399413,-15.557068
-47.398108,-15.557172
-47.396908,-15.557485
-47.396072,-15.558112
-47.395551,-15.559156
-47.395498,-15.560565
-47.395133,-15.561609
-47.394246,-15.562340
-47.393150,-15.562914
-47.391897,-15.564010
-47.391271,-15.564949
-47.390227,-15.566359
-47.389131,-15.567089
-47.388139,-15.567194
-47.387043,-15.566724
-47.386208,-15.566776
-47.385320,-15.567142
-47.384276,-15.567246
-47.383232,-15.567089
-47.382450,-15.566881
-47.381667,-15.566881
-47.380832,-15.567350
-47.380362,-15.568603
-47.380101,-15.570325
-47.379735,-15.571943
-47.379266,-15.573248
-47.378378,-15.574605
-47.376708,-15.575962
-47.374829,-15.576798
-47.373107,-15.577633
-47.371123,-15.578259
-47.369818,-15.578572
-47.368305,-15.578468
-47.366687,-15.577998
-47.365277,-15.577581
-47.363555,-15.577476
-47.362094,-15.578207
-47.361311,-15.579146
-47.360162,-15.579721
-47.359014,-15.580556
-47.357605,-15.580608
-47.356770,-15.579981
-47.356300,-15.579094
-47.355465,-15.578729
-47.354473,-15.578729
-47.353534,-15.579251
-47.352698,-15.579981
-47.351498,-15.580242
-47.350663,-15.580138
-47.349880,-15.579512
-47.349410,-15.578990
-47.348314,-15.578781
-47.347531,-15.578990
-47.346331,-15.579929
-47.345391,-15.580556
-47.344138,-15.581025
-47.343042,-15.581913
-47.342312,-15.583218
-47.341529,-15.583948
-47.340589,-15.583896
-47.339545,-15.584157
-47.338971,-15.584888
-47.337927,-15.585514
-47.336570,-15.586036
-47.335526,-15.587028
-47.334065,-15.587445
-47.332603,-15.587237
-47.331351,-15.586923
-47.330568,-15.587080
-47.329733,-15.587706
-47.328845,-15.588750
-47.327488,-15.589272
-47.326288,-15.588907
-47.325087,-15.588124
-47.323626,-15.587863
-47.322112,-15.587445
-47.319311,-15.587558
-47.317432,-15.588533
-47.316458,-15.590481
-47.316318,-15.592987
-47.316945,-15.595770
-47.319033,-15.597789
-47.321608,-15.599320
-47.323695,-15.601199
-47.325296,-15.604122
-47.326409,-15.606975
-47.327662,-15.609968
-47.328289,-15.612403
-47.328706,-15.614839
-47.329611,-15.617344
-47.330863,-15.619711
-47.331977,-15.622981
-47.332325,-15.625696
-47.333369,-15.628131
-47.333995,-15.631194
-47.333786,-15.633629
-47.332603,-15.635021
-47.331211,-15.636552
-47.330307,-15.638640
-47.329889,-15.640797
-47.329959,-15.642816
-47.329889,-15.644416
-47.329541,-15.645599
-47.328497,-15.646365
-47.327662,-15.646739
-47.327192,-15.647522
-47.327140,-15.648148
-47.327349,-15.648618
-47.327871,-15.649036
-47.328289,-15.649557
-47.328080,-15.650079
-47.328080,-15.650497
-47.328393,-15.650810
-47.328289,-15.651332
-47.327662,-15.651697
-47.327192,-15.652063
-47.326931,-15.652898
-47.326931,-15.653681
-47.327558,-15.654568
-47.328028,-15.654986
-47.328445,-15.655560
-47.328445,-15.656343
-47.328393,-15.657387
-47.327923,-15.658431
-47.327401,-15.659422
-47.326879,-15.660832
-47.326827,-15.661667
-47.327245,-15.663024
-47.327767,-15.664015
-47.327819,-15.664903
-47.327819,-15.665738
-47.327453,-15.666573
-47.327088,-15.667408
-47.326879,-15.667982
-47.326514,-15.668556
-47.326409,-15.669078
-47.326618,-15.669496
-47.326879,-15.669757
-47.327192,-15.669966
-47.327349,-15.670279
-47.327349,-15.670801
-47.327088,-15.671375
-47.326984,-15.671845
-47.327245,-15.672262
-47.327662,-15.672836
-47.327662,-15.673619
-47.327610,-15.674611
-47.327506,-15.675446
-47.327036,-15.676594
-47.326931,-15.677482
-47.327349,-15.678265
-47.328132,-15.678891
-47.328706,-15.679674
-47.329332,-15.680196
-47.329959,-15.680300
-47.330742,-15.680092
-47.331368,-15.679831
-47.331733,-15.680092
-47.331994,-15.680822
-47.332047,-15.681657
-47.331942,-15.682649
-47.331264,-15.683223
-47.330168,-15.683432
-47.329698,-15.683223
-47.329124,-15.683067
-47.328445,-15.683275
-47.328132,-15.683693
-47.328080,-15.684424
-47.328341,-15.685050
-47.328393,-15.685520
-47.328341,-15.685990
-47.328132,-15.686407
-47.328132,-15.686877
-47.328236,-15.687242
-47.328184,-15.687816
-47.327819,-15.688182
-47.327088,-15.688391
-47.326357,-15.688338
-47.325888,-15.688182
-47.325418,-15.688182
-47.324896,-15.688286
-47.324478,-15.688391
-47.323591,-15.688338
-47.322651,-15.688025
-47.321921,-15.687764
-47.321242,-15.687660
-47.320355,-15.688025
-47.319311,-15.688756
-47.318737,-15.689591
-47.318110,-15.691105
-47.317536,-15.692201
-47.316962,-15.693140
-47.316284,-15.693975
-47.314718,-15.695019
-47.313830,-15.695593
-47.313361,-15.696324
-47.313309,-15.697525
-47.313622,-15.698412
-47.313622,-15.699508
-47.313987,-15.700865
-47.314405,-15.703214
-47.314405,-15.704728
-47.313778,-15.705824
-47.313204,-15.707129
-47.313204,-15.708642
-47.313413,-15.709530
-47.314457,-15.710417
-47.315240,-15.711252
-47.315657,-15.712296
-47.315657,-15.713496
-47.315657,-15.714540
-47.315918,-15.715689
-47.316545,-15.716524
-47.317693,-15.717254
-47.318685,-15.717985
-47.319468,-15.718716
-47.319676,-15.719655
-47.320198,-15.720282
-47.320720,-15.720908
-47.320825,-15.721534
-47.320668,-15.722370
-47.319781,-15.723152
-47.318789,-15.724040
-47.318424,-15.724718
-47.318632,-15.725762
-47.318424,-15.727432
-47.317850,-15.728476
-47.317745,-15.729677
-47.318110,-15.730773
-47.318528,-15.731556
-47.318685,-15.732652
-47.318058,-15.733487
-47.317119,-15.734531
-47.316806,-15.735940
-47.316284,-15.736723
-47.315083,-15.737193
-47.314405,-15.737610
-47.313935,-15.738289
-47.313830,-15.738811
-47.314144,-15.739385
-47.313830,-15.739959
-47.313726,-15.740638
-47.313987,-15.741264
-47.313622,-15.741943
-47.313517,-15.742569
-47.313883,-15.743404
-47.314039,-15.744448
-47.313987,-15.745492
-47.314196,-15.746327
-47.314613,-15.746692
-47.314927,-15.747371
-47.315657,-15.747789
-47.316440,-15.747789
-47.317275,-15.748258
-47.318058,-15.748937
-47.318371,-15.750346
-47.318424,-15.751181
-47.318580,-15.751912
-47.319468,-15.752225
-47.320094,-15.752643
-47.320303,-15.753008
-47.320303,-15.753478
-47.320303,-15.754261
-47.320303,-15.755044
-47.320772,-15.755879
-47.321816,-15.756766
-47.322912,-15.757601
-47.323956,-15.758332
-47.325000,-15.759741
-47.325261,-15.760681
-47.325261,-15.761620
-47.325313,-15.762560
-47.325522,-15.763343
-47.326409,-15.763812
-47.327036,-15.764543
-47.327714,-15.765691
-47.328236,-15.766683
-47.328967,-15.767205
-47.329489,-15.767779
-47.329802,-15.768928
-47.329802,-15.770024
-47.330585,-15.771485
-47.331472,-15.772529
-47.331472,-15.773521
-47.331264,-15.774721
-47.331264,-15.776548
-47.331420,-15.778270
-47.331994,-15.779575
-47.332882,-15.780724
-47.333821,-15.780985
-47.334813,-15.780985
-47.335700,-15.780985
-47.336588,-15.781454
-47.337266,-15.782081
-47.337266,-15.783072
-47.336953,-15.783647
-47.336535,-15.784325
-47.336640,-15.785526
-47.337631,-15.786465
-47.338310,-15.787091
-47.338936,-15.787874
-47.339249,-15.789075
-47.339197,-15.790484
-47.339041,-15.791267
-47.339249,-15.792572
-47.339458,-15.793668
-47.340085,-15.794451
-47.341024,-15.794764
-47.341755,-15.795286
-47.342381,-15.796173
-47.342538,-15.797165
-47.342747,-15.797478
-47.343216,-15.797426
-47.343843,-15.797269
-47.344417,-15.797478
-47.344730,-15.797948
-47.344834,-15.799253
-47.345200,-15.800088
-47.345565,-15.800558
-47.345565,-15.801497
-47.345878,-15.802750
-47.346505,-15.803585
-47.347601,-15.804003
-47.348749,-15.804420
-47.349219,-15.806038
-47.349114,-15.806821
-47.349480,-15.807656
-47.350210,-15.808335
-47.350732,-15.808909
-47.351254,-15.809692
-47.351307,-15.810475
-47.351515,-15.811466
-47.351985,-15.811936
-47.352664,-15.812458
-47.352872,-15.813293
-47.353342,-15.813763
-47.354125,-15.814076
-47.354751,-15.814807
-47.355117,-15.815955
-47.355326,-15.816634
-47.355952,-15.817312
-47.356004,-15.818722
-47.355587,-15.819348
-47.354751,-15.820444
-47.354751,-15.821331
-47.355012,-15.822323
-47.355587,-15.823315
-47.356161,-15.823471
-47.356839,-15.823106
-47.357674,-15.822793
-47.358509,-15.822532
-47.359449,-15.822793
-47.360023,-15.823628
-47.360806,-15.823941
-47.361641,-15.824202
-47.362737,-15.824254
-47.363416,-15.824515
-47.363520,-15.825194
-47.363103,-15.825820
-47.362789,-15.826238
-47.362737,-15.826812
-47.363207,-15.827386
-47.364042,-15.827699
-47.364721,-15.827804
-47.365347,-15.827543
-47.365817,-15.827177
-47.366756,-15.826968
-47.367539,-15.827386
-47.367852,-15.828064
-47.367696,-15.829056
-47.367278,-15.829683
-47.367069,-15.830413
-47.367226,-15.830883
-47.367278,-15.831353
-47.366913,-15.831927
-47.366234,-15.832449
-47.366495,-15.833180
-47.366600,-15.833702
-47.366913,-15.834224
-47.367487,-15.834484
-47.367591,-15.835476
-47.367383,-15.836207
-47.367122,-15.837146
-47.367226,-15.837877
-47.367852,-15.838608
-47.368426,-15.839391
-47.369001,-15.839965
-47.369418,-15.840487
-47.369366,-15.841113
-47.368948,-15.841479
-47.368792,-15.842053
-47.368792,-15.842992
-47.369627,-15.844088
-47.370149,-15.844767
-47.370253,-15.845445
-47.369888,-15.845863
-47.369470,-15.846020
-47.369209,-15.846437
-47.369366,-15.847011
-47.370149,-15.847324
-47.370827,-15.847324
-47.371402,-15.847690
-47.371402,-15.848160
-47.371036,-15.848577
-47.370149,-15.848629
-47.369470,-15.848786
-47.369470,-15.849517
-47.369627,-15.849882
-47.369523,-15.850508
-47.369209,-15.851030
-47.368896,-15.851604
-47.368792,-15.852283
-47.368948,-15.853170
-47.369523,-15.853849
-47.370097,-15.854110
-47.370462,-15.854527
-47.370462,-15.855102
-47.370097,-15.855884
-47.369940,-15.856720
-47.369992,-15.857972
-47.370097,-15.858860
-47.370619,-15.859851
-47.371506,-15.860739
-47.372289,-15.861469
-47.372863,-15.861939
-47.373124,-15.862461
-47.373646,-15.862931
-47.373855,-15.863087
-47.374116,-15.863609
-47.373698,-15.864131
-47.373176,-15.864653
-47.372811,-15.865227
-47.372237,-15.865958
-47.372132,-15.866741
-47.372289,-15.867524
-47.372863,-15.868202
-47.373437,-15.868620
-47.373750,-15.869246
-47.373698,-15.870081
-47.373333,-15.870551
-47.372706,-15.870969
-47.372759,-15.871804
-47.372967,-15.872221
-47.372863,-15.873004
-47.372759,-15.873735
-47.373072,-15.874414
-47.373594,-15.874883
-47.374116,-15.875458
-47.374116,-15.875980
-47.374116,-15.876397
-47.374377,-15.876867
-47.374794,-15.877023
-47.374899,-15.877650
-47.374899,-15.878381
-47.375160,-15.879007
-47.375943,-15.879633
-47.376726,-15.880312
-47.377247,-15.880781
-47.377404,-15.881617
-47.377352,-15.882139
-47.377717,-15.882921
-47.378135,-15.883182
-47.378709,-15.883287
-47.379283,-15.883496
-47.379440,-15.883861
-47.379179,-15.884122
-47.378761,-15.884383
-47.378761,-15.885009
-47.379074,-15.885636
-47.379074,-15.886314
-47.378761,-15.886680
-47.378291,-15.886993
-47.377978,-15.887619
-47.377978,-15.888559
-47.377613,-15.889550
-47.377717,-15.890490
-47.377561,-15.890803
-47.377195,-15.891012
-47.376726,-15.891481
-47.376360,-15.892264
-47.376569,-15.892943
-47.376778,-15.893517
-47.376673,-15.894196
-47.376204,-15.894665
-47.375995,-15.895187
-47.375577,-15.895814
-47.375525,-15.896701
-47.375734,-15.897327
-47.375943,-15.897954
-47.375682,-15.898684
-47.375003,-15.898841
-47.374168,-15.898841
-47.373489,-15.898893
-47.373228,-15.899311
-47.373281,-15.899989
-47.373542,-15.901085
-47.373855,-15.902181
-47.374116,-15.903225
-47.374168,-15.903852
-47.374168,-15.904478
-47.374586,-15.905104
-47.374690,-15.905574
-47.374272,-15.906044
-47.373281,-15.906200
-47.372550,-15.906044
-47.372028,-15.906305
-47.371454,-15.907140
-47.370358,-15.907610
-47.368740,-15.907871
-47.367539,-15.908079
-47.366443,-15.908601
-47.366130,-15.909280
-47.366443,-15.910063
-47.367069,-15.910846
-47.367644,-15.911211
-47.367748,-15.911524
-47.367226,-15.911994
-47.366861,-15.912307
-47.367017,-15.913038
-47.367435,-15.913769
-47.368218,-15.914291
-47.368270,-15.915074
-47.368270,-15.916013
-47.368740,-15.916848
-47.369105,-15.917266
-47.369209,-15.917944
-47.369053,-15.918466
-47.368426,-15.919145
-47.367330,-15.919249
-47.366339,-15.919040
-47.365347,-15.919040
-47.364668,-15.919354
-47.363833,-15.920137
-47.362946,-15.920972
-47.362685,-15.921755
-47.362111,-15.922798
-47.361641,-15.923738
-47.361537,-15.924938
-47.361641,-15.925982
-47.361850,-15.927235
-47.362737,-15.928018
-47.363207,-15.928644
-47.363572,-15.929427
-47.364147,-15.930158
-47.364668,-15.930680
-47.365660,-15.931150
-47.366130,-15.931985
-47.366495,-15.932768
-47.367487,-15.933394
-47.368270,-15.933551
-47.369001,-15.934229
-47.369470,-15.934751
-47.370358,-15.934751
-47.371506,-15.934595
-47.372654,-15.934803
-47.373594,-15.935691
-47.374116,-15.936578
-47.374064,-15.937100
-47.373959,-15.937674
-47.373437,-15.937883
-47.372706,-15.937413
-47.372028,-15.936474
-47.371454,-15.935847
-47.370775,-15.935586
-47.370358,-15.935899
-47.370566,-15.936735
-47.370984,-15.937726
-47.371349,-15.938196
-47.372080,-15.938457
-47.372759,-15.938875
-47.372863,-15.939710
-47.372654,-15.940127
-47.371663,-15.940075
-47.371141,-15.939971
-47.370306,-15.940127
-47.370306,-15.940701
-47.370619,-15.941484
-47.371036,-15.942006
-47.370932,-15.942633
-47.370410,-15.942998
-47.370566,-15.943833
-47.370566,-15.944720
-47.370775,-15.945295
-47.371349,-15.945764
-47.371819,-15.946286
-47.371871,-15.946808
-47.371610,-15.947226
-47.371402,-15.947696
-47.371454,-15.948270
-47.371767,-15.948583
-47.371715,-15.949053
-47.371297,-15.949575
-47.370932,-15.950253
-47.370932,-15.951036
-47.371402,-15.951871
-47.372080,-15.952497
-47.372550,-15.952915
-47.372759,-15.953280
-47.372811,-15.953750
-47.372498,-15.954220
-47.372289,-15.954794
-47.372185,-15.955159
-47.372341,-15.955681
-47.373072,-15.955942
-47.373855,-15.955838
-47.374899,-15.955995
-47.375473,-15.956464
-47.375525,-15.957352
-47.375107,-15.957821
-47.374690,-15.958082
-47.374064,-15.958135
-47.373489,-15.958239
-47.373176,-15.958709
-47.373228,-15.959492
-47.373594,-15.959753
-47.374220,-15.959805
-47.374690,-15.959753
-47.375212,-15.960066
-47.375629,-15.960588
-47.376099,-15.961005
-47.376778,-15.961266
-47.377561,-15.961371
-47.378291,-15.961423
-47.378657,-15.961893
-47.378552,-15.962258
-47.378187,-15.962571
-47.377665,-15.962675
-47.377352,-15.963145
-47.377456,-15.963928
-47.377195,-15.964607
-47.376830,-15.965076
-47.376360,-15.965337
-47.375838,-15.965755
-47.375473,-15.966277
-47.375682,-15.966590
-47.376151,-15.966642
-47.376517,-15.967008
-47.376621,-15.967686
-47.376621,-15.968156
-47.376778,-15.968521
-47.377456,-15.968521
-47.378030,-15.968260
-47.378500,-15.967895
-47.379126,-15.967791
-47.379440,-15.968156
-47.379492,-15.968730
-47.379283,-15.969513
-47.378866,-15.969931
-47.378396,-15.970035
-47.377874,-15.970139
-47.377247,-15.970348
-47.377091,-15.970922
-47.377247,-15.971601
-47.377926,-15.972123
-47.378813,-15.972697
-47.379283,-15.973062
-47.379544,-15.973480
-47.379492,-15.974002
-47.378970,-15.974158
-47.378605,-15.973897
-47.378291,-15.973897
-47.378135,-15.974158
-47.377926,-15.974733
-47.377926,-15.975359
-47.378187,-15.975933
-47.378657,-15.976298
-47.379074,-15.976559
-47.379492,-15.976977
-47.379492,-15.977447
-47.379126,-15.978021
-47.378291,-15.978073
-47.377300,-15.978073
-47.376673,-15.978073
-47.376204,-15.978386
-47.376047,-15.979117
-47.375890,-15.979795
-47.375525,-15.980109
-47.375160,-15.979952
-47.374899,-15.979430
-47.374377,-15.979274
-47.373959,-15.979482
-47.373803,-15.979952
-47.373907,-15.980526
-47.374429,-15.980839
-47.375003,-15.980996
-47.375734,-15.981048
-47.376569,-15.981309
-47.377091,-15.981779
-47.377091,-15.982353
-47.376673,-15.982771
-47.376204,-15.983293
-47.376047,-15.983814
-47.376360,-15.984336
-47.376986,-15.984650
-47.377404,-15.985224
-47.377561,-15.985798
-47.377561,-15.986320
-47.377456,-15.986633
-47.376986,-15.986685
-47.376778,-15.986372
-47.376621,-15.985954
-47.376204,-15.985589
-47.375890,-15.985798
-47.375786,-15.986111
-47.375995,-15.986842
-47.376099,-15.987312
-47.375890,-15.987729
-47.375525,-15.987990
-47.375368,-15.988564
-47.375107,-15.989243
-47.374899,-15.990182
-47.374272,-15.991383
-47.374064,-15.992740
-47.373698,-15.993784
-47.372811,-15.994253
-47.371610,-15.994358
-47.370984,-15.994828
-47.370827,-15.995611
-47.370880,-15.996602
-47.370984,-15.997855
-47.370984,-15.999108
-47.370932,-15.999943
-47.370731,-16.000453
-47.369898,-16.001976
-47.369621,-16.002323
-47.369205,-16.002045
-47.368858,-16.001698
-47.368511,-16.001213
-47.367678,-16.001213
-47.366638,-16.001213
-47.366221,-16.001213
-47.365805,-16.001490
-47.365666,-16.002115
-47.365666,-16.003017
-47.365597,-16.003502
-47.365319,-16.004196
-47.363724,-16.005445
-47.362822,-16.006000
-47.361989,-16.006208
-47.361365,-16.005861
-47.360948,-16.005792
-47.360393,-16.005722
-47.360116,-16.006139
-47.360532,-16.006555
-47.360740,-16.007041
-47.360740,-16.007457
-47.360393,-16.007873
-47.359700,-16.007873
-47.358589,-16.008012
-47.357826,-16.008012
-47.356855,-16.008081
-47.355745,-16.007734
-47.354496,-16.007249
-47.353317,-16.006833
-47.351651,-16.006833
-47.350472,-16.006833
-47.349570,-16.006833
-47.348807,-16.007526
-47.347627,-16.008636
-47.346934,-16.009469
-47.346656,-16.010371
-47.346032,-16.011065
-47.344991,-16.011550
-47.343742,-16.011759
-47.342771,-16.011828
-47.341938,-16.012105
-47.340898,-16.012730
-47.340759,-16.013216
-47.340481,-16.014117
-47.340828,-16.015019
-47.341106,-16.015921
-47.341106,-16.016476
-47.341106,-16.017240
-47.341244,-16.017656
-47.341314,-16.018350
-47.341314,-16.018974
-47.340967,-16.019321
-47.339996,-16.019043
-47.339371,-16.018697
-47.338747,-16.018211
-47.338330,-16.017795
-47.337706,-16.017448
-47.337359,-16.017448
-47.337220,-16.018072
-47.337151,-16.018627
-47.337082,-16.019252
-47.336457,-16.019945
-47.335070,-16.020847
-47.334029,-16.021472
-47.332780,-16.021957
-47.332086,-16.022166
-47.331462,-16.022374
-47.330907,-16.022998
-47.330837,-16.023692
-47.330699,-16.024455
-47.330144,-16.025080
-47.329519,-16.025426
-47.329380,-16.026328
-47.329242,-16.027230
-47.328617,-16.027785
-47.327438,-16.028063
-47.326119,-16.028340
-47.324871,-16.028826
-47.322720,-16.029867
-47.321124,-16.031879
-47.319737,-16.033336
-47.318418,-16.034932
-47.317031,-16.035417
-47.315296,-16.035556
-47.313423,-16.035833
-47.311619,-16.036874
-47.311272,-16.037360
-47.311133,-16.038262
-47.311133,-16.039927
-47.310578,-16.042425
-47.309815,-16.046102
-47.308983,-16.049571
-47.308693,-16.050567
-47.416092,-16.049341
-47.417591,-16.049341
-47.469456,-16.049341
-47.490292,-16.049341
-47.521472,-16.049191
-47.547554,-16.048892
-47.573529,-16.049109
-47.589966,-16.049247
-47.595509,-16.048431
-47.596746,-16.048527
-47.599030,-16.048431
-47.600469,-16.049191
-47.604816,-16.049641
-47.615909,-16.048892
-47.617460,-16.050428
-47.673890,-16.050636
-47.681323,-16.050631
-47.683429,-16.050630
-47.686645,-16.050641
-47.738898,-16.050824
-47.814466,-16.051066
-47.889964,-16.051281
-47.938540,-16.051405
-47.939177,-16.051406
-47.939131,-16.051280
-47.981742,-16.051430
-48.000437,-16.051386
-48.020159,-16.051557
-48.021104,-16.051560
-48.086503,-16.051762
-48.145584,-16.051717
-48.279075,-16.051554
-48.279395,-16.051554
-48.279390,-16.051026
-48.278990,-16.050740
-48.278362,-16.050398
-48.277848,-16.049541
-48.277676,-16.048799
-48.277562,-16.047771
-48.277733,-16.046857
-48.277791,-16.045943
-48.278190,-16.045315
-48.278362,-16.044573
-48.277962,-16.044287
-48.277162,-16.044059
-48.277048,-16.043773
-48.277505,-16.043202
-48.278019,-16.042288
-48.278247,-16.041603
-48.277905,-16.041089
-48.277505,-16.041089
-48.276934,-16.040918
-48.276591,-16.040233
-48.276820,-16.039776
-48.277220,-16.039090
-48.277048,-16.038462
-48.276420,-16.037777
-48.275906,-16.036863
-48.275221,-16.036406
-48.274364,-16.036121
-48.273622,-16.035550
-48.273336,-16.035036
-48.273622,-16.034636
-48.274022,-16.034065
-48.274079,-16.033722
-48.273793,-16.033380
-48.273279,-16.032866
-48.272651,-16.032409
-48.272080,-16.031895
-48.271851,-16.031438
-48.272137,-16.030867
-48.272537,-16.030296
-48.272537,-16.029725
-48.272308,-16.028982
-48.272137,-16.028012
-48.271966,-16.027212
-48.271509,-16.027041
-48.271509,-16.026470
-48.271909,-16.025784
-48.271680,-16.025213
-48.271794,-16.024757
-48.272251,-16.024414
-48.272365,-16.023957
-48.271737,-16.023557
-48.270881,-16.023158
-48.270481,-16.022815
-48.270081,-16.022073
-48.270310,-16.021273
-48.270310,-16.020645
-48.270367,-16.019560
-48.270195,-16.018989
-48.269853,-16.017618
-48.270024,-16.016590
-48.270310,-16.015905
-48.270995,-16.015277
-48.271452,-16.014877
-48.271395,-16.014306
-48.271509,-16.013849
-48.271909,-16.013278
-48.272080,-16.012593
-48.271909,-16.011850
-48.271851,-16.010366
-48.271680,-16.009680
-48.272080,-16.008938
-48.271850,-16.008470
-48.271344,-16.007868
-48.271006,-16.006904
-48.270139,-16.005555
-48.269826,-16.004881
-48.269826,-16.004061
-48.269200,-16.003146
-48.268501,-16.002158
-48.267658,-16.001604
-48.267224,-16.001002
-48.266839,-16.000954
-48.266525,-16.001074
-48.266092,-16.001002
-48.265887,-16.000451
-48.265992,-15.999382
-48.265992,-15.998960
-48.265939,-15.998221
-48.265412,-15.997747
-48.265254,-15.997377
-48.265254,-15.996744
-48.265095,-15.996375
-48.264409,-15.996164
-48.263671,-15.996006
-48.263143,-15.995320
-48.262563,-15.994528
-48.262932,-15.993315
-48.263249,-15.992682
-48.263618,-15.992207
-48.262774,-15.991521
-48.262299,-15.991258
-48.262088,-15.990730
-48.261719,-15.990361
-48.261455,-15.989939
-48.261561,-15.989411
-48.262299,-15.988989
-48.262405,-15.988514
-48.262510,-15.987723
-48.262194,-15.986668
-48.262141,-15.986140
-48.261719,-15.985454
-48.261350,-15.985085
-48.260558,-15.984769
-48.259661,-15.984558
-48.258976,-15.984136
-48.258870,-15.983661
-48.258395,-15.983186
-48.258395,-15.982764
-48.259028,-15.982078
-48.258765,-15.981498
-48.258395,-15.981128
-48.257973,-15.980601
-48.258501,-15.979968
-48.259292,-15.979968
-48.259925,-15.979968
-48.260347,-15.979704
-48.260347,-15.978913
-48.260083,-15.978227
-48.259450,-15.978227
-48.258923,-15.978069
-48.258659,-15.977699
-48.258448,-15.977224
-48.257920,-15.976486
-48.257657,-15.976011
-48.258501,-15.975642
-48.258976,-15.975589
-48.259134,-15.974903
-48.259239,-15.974481
-48.259450,-15.973637
-48.258817,-15.973268
-48.258237,-15.973162
-48.258026,-15.972476
-48.258448,-15.971685
-48.258765,-15.971052
-48.259239,-15.970261
-48.259609,-15.969628
-48.259978,-15.969153
-48.260347,-15.968625
-48.260083,-15.967939
-48.260083,-15.967359
-48.260031,-15.966673
-48.259661,-15.966304
-48.259187,-15.965776
-48.258606,-15.965513
-48.258026,-15.965091
-48.257604,-15.964669
-48.257340,-15.964352
-48.257393,-15.963824
-48.256971,-15.963244
-48.256549,-15.963033
-48.255863,-15.963033
-48.255758,-15.962664
-48.256021,-15.962242
-48.256391,-15.962031
-48.257024,-15.961873
-48.257498,-15.961609
-48.257235,-15.961028
-48.256549,-15.961028
-48.256021,-15.961345
-48.255546,-15.961609
-48.255072,-15.961767
-48.255072,-15.961187
-48.255124,-15.960606
-48.255388,-15.960184
-48.255916,-15.960026
-48.255969,-15.959498
-48.255335,-15.959235
-48.254861,-15.959076
-48.254491,-15.958918
-48.254175,-15.958707
-48.254175,-15.958127
-48.254228,-15.957652
-48.254333,-15.957177
-48.254069,-15.956755
-48.253700,-15.956228
-48.253489,-15.955806
-48.252803,-15.955647
-48.252381,-15.955647
-48.252012,-15.955647
-48.251484,-15.955595
-48.251379,-15.954961
-48.251379,-15.954434
-48.251590,-15.953432
-48.251590,-15.952851
-48.251590,-15.952429
-48.251590,-15.951849
-48.251590,-15.951374
-48.251906,-15.950266
-48.251854,-15.949686
-48.251959,-15.949053
-48.252012,-15.948472
-48.252328,-15.948050
-48.252909,-15.948050
-48.253436,-15.947787
-48.253436,-15.946890
-48.253331,-15.946204
-48.252909,-15.946151
-48.252539,-15.946415
-48.252117,-15.946784
-48.251695,-15.947259
-48.251326,-15.947681
-48.250693,-15.947945
-48.250218,-15.947998
-48.250007,-15.947523
-48.250060,-15.946626
-48.250482,-15.945465
-48.250693,-15.944569
-48.250535,-15.943988
-48.250904,-15.943619
-48.251432,-15.943724
-48.251906,-15.944199
-48.252065,-15.944621
-48.252434,-15.944621
-48.252592,-15.944094
-48.252750,-15.943566
-48.252750,-15.942933
-48.252487,-15.942142
-48.252487,-15.941034
-48.252434,-15.940454
-48.252276,-15.939557
-48.251959,-15.938396
-48.251537,-15.937816
-48.251273,-15.937183
-48.251590,-15.936391
-48.251906,-15.935864
-48.252328,-15.935706
-48.253014,-15.935917
-48.253489,-15.936286
-48.254175,-15.936655
-48.254861,-15.936444
-48.255019,-15.936022
-48.255072,-15.935231
-48.255072,-15.934281
-48.255388,-15.933279
-48.255494,-15.932698
-48.255494,-15.932065
-48.256180,-15.931854
-48.257076,-15.931854
-48.257815,-15.931960
-48.258395,-15.931432
-48.258448,-15.930483
-48.258448,-15.929902
-48.258395,-15.929428
-48.258923,-15.928900
-48.259820,-15.929269
-48.260453,-15.928689
-48.260875,-15.928161
-48.260980,-15.927581
-48.261508,-15.927634
-48.262246,-15.927792
-48.262721,-15.928161
-48.263249,-15.928161
-48.263724,-15.928161
-48.264304,-15.928425
-48.264621,-15.929269
-48.264673,-15.929902
-48.264937,-15.930641
-48.265148,-15.931169
-48.266045,-15.932013
-48.266572,-15.932329
-48.267153,-15.932540
-48.267733,-15.932804
-48.268524,-15.932751
-48.269421,-15.931854
-48.270054,-15.931591
-48.270476,-15.931538
-48.271004,-15.931485
-48.271584,-15.931485
-48.272376,-15.931221
-48.273061,-15.930905
-48.273536,-15.930799
-48.274011,-15.930799
-48.274591,-15.930799
-48.274961,-15.931116
-48.275330,-15.931327
-48.275858,-15.931380
-48.276069,-15.930799
-48.275858,-15.930061
-48.275699,-15.929691
-48.275224,-15.929164
-48.274961,-15.928636
-48.274697,-15.928267
-48.274697,-15.927687
-48.275330,-15.927054
-48.275805,-15.926737
-48.276227,-15.926684
-48.276754,-15.926368
-48.276491,-15.925682
-48.275699,-15.925313
-48.275383,-15.924838
-48.275646,-15.924205
-48.276121,-15.924205
-48.276543,-15.924099
-48.276332,-15.923519
-48.275858,-15.923361
-48.275541,-15.923150
-48.275752,-15.922517
-48.275805,-15.922095
-48.275383,-15.921831
-48.274908,-15.921883
-48.274380,-15.922095
-48.273536,-15.922200
-48.273009,-15.922200
-48.272428,-15.921725
-48.272059,-15.921672
-48.271690,-15.921250
-48.271690,-15.920512
-48.271690,-15.920143
-48.271479,-15.919668
-48.271109,-15.919457
-48.270740,-15.919140
-48.270529,-15.918560
-48.270582,-15.918085
-48.270635,-15.917505
-48.270635,-15.916713
-48.270371,-15.916291
-48.270529,-15.915500
-48.270213,-15.914972
-48.270054,-15.914234
-48.269791,-15.913706
-48.269632,-15.913390
-48.269263,-15.913073
-48.269791,-15.912493
-48.270424,-15.911913
-48.270793,-15.911596
-48.271532,-15.910963
-48.272006,-15.910594
-48.272692,-15.910277
-48.273378,-15.910013
-48.274275,-15.909328
-48.274486,-15.908958
-48.274486,-15.908272
-48.274539,-15.907587
-48.275119,-15.907059
-48.275805,-15.906637
-48.275858,-15.905740
-48.275383,-15.905160
-48.274855,-15.904738
-48.274169,-15.904210
-48.273695,-15.903630
-48.273800,-15.902891
-48.274591,-15.902469
-48.275277,-15.902258
-48.275699,-15.901520
-48.275752,-15.900834
-48.275805,-15.900043
-48.275646,-15.899462
-48.275013,-15.899515
-48.274328,-15.899726
-48.274011,-15.899726
-48.273589,-15.899198
-48.273378,-15.898565
-48.273378,-15.897985
-48.274011,-15.897141
-48.274539,-15.897088
-48.275541,-15.896772
-48.275541,-15.896244
-48.274855,-15.895664
-48.274064,-15.895453
-48.273484,-15.895136
-48.273431,-15.894450
-48.273800,-15.893923
-48.275383,-15.893343
-48.275963,-15.893184
-48.276069,-15.892446
-48.275963,-15.891760
-48.275594,-15.891127
-48.275224,-15.890652
-48.274802,-15.890335
-48.274011,-15.890019
-48.273800,-15.889333
-48.273747,-15.888436
-48.273484,-15.887328
-48.273167,-15.886854
-48.272850,-15.885957
-48.272692,-15.885482
-48.272112,-15.884954
-48.271690,-15.884427
-48.271637,-15.883477
-48.271795,-15.882897
-48.272428,-15.882475
-48.273431,-15.882000
-48.274275,-15.881578
-48.274697,-15.881261
-48.275119,-15.880628
-48.275435,-15.879943
-48.275435,-15.879309
-48.275383,-15.878571
-48.275383,-15.877727
-48.274961,-15.876830
-48.275488,-15.875986
-48.276385,-15.875617
-48.277335,-15.875564
-48.278073,-15.874561
-48.278337,-15.873506
-48.278284,-15.872451
-48.278179,-15.871765
-48.277704,-15.871343
-48.276965,-15.871132
-48.276438,-15.870657
-48.276121,-15.870235
-48.276121,-15.869497
-48.276596,-15.868917
-48.277176,-15.868442
-48.277651,-15.868072
-48.278284,-15.867861
-48.278812,-15.868020
-48.279392,-15.868389
-48.279920,-15.868389
-48.279920,-15.868020
-48.279656,-15.867492
-48.279287,-15.867070
-48.278970,-15.866754
-48.279709,-15.866701
-48.280395,-15.866595
-48.280236,-15.865962
-48.279814,-15.865435
-48.279392,-15.865065
-48.279023,-15.864538
-48.278970,-15.863694
-48.279181,-15.863008
-48.279709,-15.862533
-48.280078,-15.862005
-48.280184,-15.861478
-48.280289,-15.861003
-48.280711,-15.860581
-48.281080,-15.860106
-48.281080,-15.859473
-48.280975,-15.859051
-48.280975,-15.858471
-48.280606,-15.858154
-48.280184,-15.857574
-48.280342,-15.856888
-48.280711,-15.856624
-48.281502,-15.856994
-48.281819,-15.856888
-48.281819,-15.855728
-48.282188,-15.855042
-48.282716,-15.854620
-48.283296,-15.854409
-48.283876,-15.854092
-48.284140,-15.853828
-48.283929,-15.853248
-48.283296,-15.853037
-48.282874,-15.853142
-48.282347,-15.852826
-48.282452,-15.852351
-48.282452,-15.851824
-48.282663,-15.850927
-48.282980,-15.850399
-48.283718,-15.850030
-48.283876,-15.849555
-48.283929,-15.848816
-48.283824,-15.848025
-48.284087,-15.847181
-48.284298,-15.846653
-48.284721,-15.846284
-48.284721,-15.845704
-48.284721,-15.844807
-48.285037,-15.844279
-48.285512,-15.843752
-48.285248,-15.843224
-48.284932,-15.842802
-48.284509,-15.842380
-48.283982,-15.842222
-48.283507,-15.842169
-48.283507,-15.841378
-48.283824,-15.840745
-48.284404,-15.840376
-48.284721,-15.839426
-48.284457,-15.838687
-48.284404,-15.838160
-48.284298,-15.837527
-48.284351,-15.836524
-48.284193,-15.835891
-48.284193,-15.835047
-48.283718,-15.834625
-48.283454,-15.833992
-48.283085,-15.833517
-48.282452,-15.832990
-48.282135,-15.832146
-48.281661,-15.831407
-48.281555,-15.830405
-48.281608,-15.829824
-48.281449,-15.829309
